px	py	v	yaw_angle	yaw_rate	px_measured	py_measured	px_true	py_true	vx_true	vy_true	NIS
0.312243	0.58034	0	0	0	0.312243	0.58034	0.6	0.6	5.19994	0	2.15412e-314
-0.962981	-0.621671	-15.6713	-6.52251e-16	-7.45239e-17	0.862916	0.534212	0.859997	0.600045	5.19975	0.00179686	3.24119
1.16259	0.439133	11.3675	-0.850745	-0.0771297	1.17385	0.481073	1.11998	0.600225	5.19943	0.00538996	2.15412e-314
1.24457	0.524309	4.79413	-0.330106	0.0424018	0.969149	0.397513	1.37996	0.600629	5.19898	0.0107781	2.41139
1.60551	0.545449	5.95473	-0.184208	0.0774051	1.65063	0.62469	1.6399	0.601347	5.19839	0.0179597	2.15412e-314
1.8448	0.550384	5.64534	-0.100013	0.200738	1.62331	0.499091	1.89982	0.60247	5.19766	0.0269323	0.924149
2.15064	0.55725	5.60476	-0.0511284	0.286794	2.18882	0.648739	2.1597	0.604086	5.19678	0.0376932	2.15412e-314
2.3636	0.627152	5.23815	0.0882706	0.75294	1.96701	0.557117	2.41954	0.606284	5.19573	0.0502389	3.36137
2.63017	0.656941	5.24653	0.126354	0.746228	2.65526	0.66598	2.67932	0.609155	5.1945	0.0645654	2.15412e-314
2.89679	0.661138	5.28301	0.11497	0.568461	2.92034	0.645898	2.93904	0.612786	5.19309	0.080668	0.140479
3.12517	0.680611	5.24809	0.137004	0.560982	3.01222	0.637046	3.19869	0.617267	5.19147	0.0985415	2.15412e-314
3.42068	0.577635	5.28856	-0.0241266	-0.024784	3.56096	0.485311	3.45825	0.622685	5.18963	0.11818	2.81649
3.73049	0.477897	5.35525	-0.147232	-0.376555	3.89365	0.311793	3.71772	0.62913	5.18754	0.139576	2.15412e-314
4.00323	0.557155	5.42269	-0.0274212	-0.00105176	4.19786	0.698311	3.97708	0.636689	5.18519	0.162724	2.53101
4.27852	0.558568	5.42887	-0.019379	0.0182265	4.30935	0.578564	4.23632	0.645449	5.18256	0.187614	2.15412e-314
4.53347	0.601929	5.31185	0.0250047	0.113815	4.61908	0.68951	4.49542	0.655498	5.17962	0.214238	0.928496
4.71166	0.72432	5.15168	0.142582	0.363753	4.35143	0.899174	4.75437	0.666921	5.17634	0.242587	2.15412e-314
4.96397	0.723028	5.04117	0.127245	0.293947	5.20901	0.66599	5.01315	0.679804	5.1727	0.272649	1.7409
5.26779	0.710316	5.12574	0.0976207	0.200665	5.51894	0.648233	5.27175	0.694234	5.16867	0.304413	2.15412e-314
5.52857	0.718221	5.24686	0.0934475	0.173418	5.22834	0.639362	5.53013	0.710295	5.16422	0.337868	1.83777
5.82851	0.72479	5.30988	0.0834038	0.135355	6.022	0.708619	5.78828	0.728072	5.15932	0.372999	2.15412e-314
6.07229	0.646898	5.13174	0.012545	-0.023766	5.89392	0.373584	6.04618	0.747647	5.15393	0.409793	4.31785
6.32334	0.761029	5.13528	0.0964287	0.146203	6.34249	0.948833	6.30379	0.769103	5.14803	0.448233	2.15412e-314
6.57254	0.796758	5.09109	0.111704	0.161933	6.62134	0.836138	6.5611	0.792523	5.14157	0.488305	0.142695
6.82004	0.784429	5.0784	0.0888534	0.100595	6.78214	0.714036	6.81808	0.817988	5.13452	0.52999	2.15412e-314
7.0622	0.76343	4.91804	0.0606473	0.0331985	7.29121	0.630741	7.07469	0.845578	5.12685	0.573269	2.23843
7.27476	0.851638	4.87359	0.119538	0.145443	7.13735	0.957217	7.3309	0.875373	5.11851	0.618123	2.15412e-314
7.57446	0.862145	5.16477	0.106857	0.104443	8.08349	0.819605	7.58668	0.907449	5.10946	0.664531	5.47643
7.83009	0.822596	5.1536	0.0611175	0.00480596	7.80533	0.719126	7.84199	0.941886	5.09966	0.712469	2.15412e-314
8.07836	0.836563	5.01172	0.058723	-0.00396429	8.40453	0.884557	8.0968	0.978759	5.08907	0.761915	2.14884
8.3146	0.848648	4.98999	0.0574987	-0.0060065	8.24796	0.840322	8.35106	1.01814	5.07766	0.812843	2.15412e-314
8.58564	0.963415	5.24125	0.134176	0.148063	8.45858	1.41118	8.60472	1.06011	5.06537	0.865226	6.29471
8.8264	1.02299	5.21413	0.160682	0.185107	8.74615	1.04858	8.85775	1.10473	5.05216	0.919037	2.15412e-314
9.11814	1.06677	5.28323	0.167401	0.179071	9.8809	1.1419	9.1101	1.15208	5.03798	0.974245	6.81126
9.35922	1.08859	5.24743	0.161138	0.150544	9.25579	1.04913	9.36172	1.20223	5.0228	1.03082	2.15412e-314
9.63813	1.17971	5.32216	0.201471	0.212452	10.1016	1.52474	9.61255	1.25524	5.00656	1.08873	4.03491
9.91393	1.3222	5.37884	0.273462	0.328169	10.0484	1.44598	9.86254	1.31118	4.98922	1.14794	2.15412e-314
10.1542	1.44651	5.21392	0.335797	0.431248	10.5377	1.72555	10.1117	1.37011	4.97074	1.20841	4.06193
10.3766	1.50795	5.16448	0.341706	0.403079	10.2492	1.45907	10.3598	1.4321	4.95106	1.2701	2.15412e-314
10.6013	1.61684	5.00149	0.388334	0.471656	10.9084	1.70343	10.6069	1.49721	4.93014	1.33298	2.48605
10.8264	1.60491	4.91776	0.337411	0.334059	10.7313	1.45265	10.853	1.56549	4.90794	1.39701	2.15412e-314
11.0978	1.6526	5.06207	0.31626	0.25118	11.4783	1.42876	11.0979	1.637	4.8844	1.46213	2.87264
11.3842	1.66868	5.09077	0.275959	0.15232	11.587	1.61462	11.3416	1.71179	4.85948	1.52832	2.15412e-314
11.6151	1.71863	5.00987	0.272849	0.135133	11.4763	1.53917	11.584	1.78992	4.83313	1.59551	0.677838
11.8439	1.7723	4.9827	0.271157	0.119188	11.7788	1.74591	11.8251	1.87144	4.80531	1.66366	2.15412e-314
12.1019	1.87071	5.15057	0.292408	0.139883	12.136	2.14937	12.0647	1.95639	4.77598	1.73273	1.48172
12.351	1.87338	5.11157	0.247666	0.0434436	12.3226	1.78353	12.3029	2.04482	4.74508	1.80265	2.15412e-314
12.6108	1.92406	5.21084	0.236864	0.0141447	12.5457	1.77728	12.5394	2.13677	4.71257	1.87338	0.639787
12.8071	2.08697	5.1782	0.318039	0.162692	12.5924	2.17509	12.7743	2.23227	4.67842	1.94485	2.15412e-314
13.0763	2.20458	5.35573	0.341333	0.178769	13.2198	2.6644	13.0075	2.33137	4.64258	2.01701	2.64072
13.2796	2.36093	5.32307	0.403822	0.277469	13.0875	2.40708	13.2388	2.43409	4.605	2.08981	2.15412e-314
13.4445	2.54904	5.07918	0.503604	0.466406	12.7087	3.12439	13.4682	2.54047	4.56565	2.16317	10.0852
13.6969	2.64023	5.10166	0.497502	0.411897	13.836	2.62479	13.6955	2.65053	4.52448	2.23703	2.15412e-314
13.9145	2.76295	5.09351	0.51854	0.413064	13.8302	2.73893	13.9208	2.7643	4.48147	2.31134	0.0901036
14.1431	2.90866	5.12672	0.548102	0.428535	14.2106	2.94205	14.1439	2.88179	4.43656	2.38601	2.15412e-314
14.3984	3.01684	5.28417	0.526578	0.319182	14.5568	2.87021	14.3646	3.00303	4.38974	2.46099	1.64534
14.6125	3.05369	5.15405	0.483976	0.214872	14.4616	2.90734	14.583	3.12802	4.34097	2.5362	2.15412e-314
14.8415	3.22637	5.29152	0.521601	0.251785	14.6754	3.96041	14.7989	3.25679	4.29021	2.61157	3.2679
15.0499	3.42906	5.34387	0.583034	0.340709	15.0261	3.5067	15.0122	3.38932	4.23744	2.68703	2.15412e-314
15.2528	3.62088	5.28848	0.642522	0.440556	15.3685	4.14761	15.2228	3.52563	4.18263	2.76249	2.28176
15.4687	3.79771	5.31938	0.672367	0.454292	15.5236	3.82936	15.4306	3.66572	4.12575	2.83789	2.15412e-314
15.6798	3.93288	5.28553	0.67358	0.414998	15.7234	3.4105	15.6355	3.80957	4.06678	2.91315	1.2895
15.9086	4.04848	5.24661	0.657221	0.349415	15.9774	4.00094	15.8375	3.95719	4.00571	2.98817	2.15412e-314
16.1001	4.21573	5.13366	0.695469	0.416375	16.3376	4.21632	16.0363	4.10854	3.94251	3.0629	1.40694
16.2955	4.40623	5.17074	0.729649	0.440045	16.3313	4.44499	16.2319	4.26363	3.87716	3.13723	2.15412e-314
16.5081	4.56956	5.22269	0.731531	0.389878	16.7586	4.48231	16.4242	4.42242	3.80966	3.21109	0.805104
16.6877	4.72283	5.17399	0.742268	0.374484	16.6039	4.67344	16.613	4.5849	3.74	3.28438	2.15412e-314
16.8334	4.92206	4.98393	0.815576	0.53279	16.9236	5.10119	16.7983	4.75103	3.66817	3.35704	2.91753
16.9898	5.15066	5.04403	0.870421	0.582375	16.9955	5.21099	16.9799	4.92077	3.59416	3.42897	2.15412e-314
17.1643	5.31098	5.02009	0.871709	0.525505	17.3421	4.64623	17.1579	5.09409	3.51797	3.50008	1.75188
17.322	5.47919	4.97582	0.884956	0.503433	17.2894	5.43542	17.3319	5.27094	3.4396	3.57028	2.15412e-314
17.4826	5.63508	4.90407	0.890349	0.473827	17.6463	4.74597	17.5019	5.45128	3.35907	3.63949	2.90659
17.6815	5.73065	4.77744	0.847947	0.36124	17.7853	5.62476	17.6679	5.63506	3.27637	3.70762	2.15412e-314
17.8279	5.91755	4.72751	0.881687	0.408455	17.9216	6.07151	17.8297	5.82221	3.19151	3.77458	0.505879
17.9982	6.11469	4.77356	0.899612	0.404477	18.1263	6.16985	17.9872	6.01269	3.10453	3.84027	2.15412e-314
18.1516	6.31935	4.84121	0.919044	0.390374	18.1245	6.79027	18.1402	6.20641	3.01542	3.90462	0.936124
18.2649	6.58054	4.93644	0.984688	0.470185	18.2164	6.66138	18.2888	6.40332	2.92421	3.96753	2.15412e-314
18.3973	6.79628	4.9493	1.01382	0.481917	18.4022	7.02231	18.4328	6.60333	2.83093	4.0289	0.213929
18.5529	6.90758	4.7822	0.979837	0.384741	18.5422	6.76013	18.572	6.80638	2.7356	4.08867	2.15412e-314
18.7081	7.10821	4.87007	0.974725	0.311978	18.8089	7.24388	18.7064	7.01237	2.63825	4.14672	0.752197
18.9171	7.22903	4.77195	0.920917	0.195499	19.1441	7.18344	18.8359	7.22122	2.53893	4.20299	2.15412e-314
19.0064	7.41699	4.59702	0.974583	0.319758	18.5479	7.4012	18.9604	7.43283	2.43767	4.25737	3.87981
19.0802	7.72335	4.77223	1.06757	0.452916	19.0138	7.8688	19.0798	7.64712	2.3345	4.3098	2.15412e-314
19.2076	7.92032	4.79031	1.06854	0.396967	19.3089	7.67375	19.1939	7.86397	2.22949	4.36017	0.326163
19.2806	8.1498	4.80083	1.11423	0.439342	19.132	8.12845	19.3028	8.08329	2.12266	4.40842	2.15412e-314
19.3842	8.35402	4.82612	1.11707	0.376566	19.0239	8.17194	19.4062	8.30497	2.01409	4.45445	2.15485
19.4853	8.48637	4.65224	1.10278	0.32253	19.347	8.30741	19.5042	8.5289	1.90381	4.49819	2.15412e-314
19.5801	8.68485	4.59447	1.12676	0.354072	19.6843	8.35902	19.5966	8.75494	1.7919	4.53956	0.442752
19.7465	8.85635	4.55845	1.09677	0.276201	20.0039	8.8906	19.6835	8.983	1.67841	4.57848	2.15412e-314
19.8216	9.07151	4.50253	1.14353	0.365943	19.6061	9.48659	19.7645	9.21294	1.56341	4.61488	1.05585
19.9451	9.31749	4.60204	1.16134	0.366379	20.1574	9.45949	19.8398	9.44463	1.44697	4.64869	2.15412e-314
19.9882	9.53961	4.51811	1.23063	0.504099	19.6163	9.76606	19.9093	9.67795	1.32916	4.67984	2.02113
20.0638	9.7988	4.61464	1.27057	0.528667	20.1573	9.90876	19.9728	9.91275	1.21005	4.70826	2.15412e-314
20.1267	10.0539	4.74404	1.28915	0.469619	19.1911	11.5493	20.0303	10.1489	1.08972	4.73389	7.65108
20.1628	10.351	4.88472	1.34802	0.52503	20.166	10.4687	20.0818	10.3863	0.968259	4.75666	2.15412e-314
20.172	10.5984	4.85856	1.41424	0.625434	19.6775	10.803	20.1271	10.6247	0.845742	4.77652	2.11953
20.2239	10.8794	4.95144	1.44697	0.626364	20.371	11.0109	20.1663	10.864	0.722256	4.7934	2.15412e-314
20.2507	11.1491	5.04302	1.46468	0.558102	19.4335	12.3402	20.1993	11.1041	0.597892	4.80727	4.92878
20.2888	11.3776	4.99273	1.48043	0.540939	20.3164	11.3483	20.2261	11.3449	0.472738	4.81807	2.15412e-314
20.2232	11.6398	4.95114	1.59102	0.767774	19.2063	12.2418	20.2466	11.5861	0.346889	4.82575	8.29378
20.3011	11.86	4.8732	1.58208	0.697761	20.6141	11.9422	20.2608	11.8275	0.220439	4.83027	2.15412e-314
20.3351	12.0938	4.91943	1.5446	0.457002	19.966	11.9688	20.2687	12.0692	0.093487	4.83159	4.6844
20.3182	12.3918	5.04606	1.58367	0.479166	20.3263	12.4966	20.2701	12.3108	-0.0338694	4.82968	2.15412e-314
20.2625	12.6333	4.97689	1.66405	0.654077	20.0192	12.4823	20.2652	12.5522	-0.161529	4.82451	2.53448
20.2965	12.8547	4.89437	1.66486	0.607218	20.498	12.8924	20.254	12.7933	-0.28939	4.81605	2.15412e-314
20.2894	13.081	4.85116	1.68158	0.5801	20.9151	12.2555	20.2363	13.0339	-0.417348	4.80428	2.19484
20.2599	13.2802	4.75646	1.70693	0.575179	20.1943	13.1688	20.2122	13.2738	-0.545298	4.78918	2.15412e-314
20.224	13.5141	4.77529	1.7213	0.515429	19.858	13.5236	20.1818	13.5129	-0.673135	4.77072	1.33859
20.2031	13.7775	4.83001	1.73971	0.504362	20.3245	13.8896	20.1449	13.7509	-0.800753	4.74892	2.15412e-314
20.149	14.0008	4.78817	1.78151	0.561245	20.3387	13.5307	20.1017	13.9878	-0.928043	4.72374	0.785469
20.0902	14.2625	4.85676	1.81265	0.565733	20.1216	14.337	20.0521	14.2233	-1.0549	4.69521	2.15412e-314
20.0186	14.4917	4.85703	1.84095	0.553196	19.6717	14.4038	19.9962	14.4573	-1.18121	4.66331	1.32572
19.9027	14.7576	4.96806	1.8904	0.58409	19.781	14.773	19.934	14.6897	-1.30687	4.62805	2.15412e-314
19.8399	14.9719	4.9228	1.89213	0.492223	20.1149	14.0165	19.8655	14.9202	-1.43177	4.58944	3.33051
19.8244	15.1757	4.80414	1.88891	0.454685	20.0208	15.2053	19.7908	15.1486	-1.55581	4.54751	2.15412e-314
19.693	15.3775	4.71563	2.00807	0.791005	20.0157	15.3443	19.7099	15.3749	-1.67887	4.50226	7.00921
19.6757	15.5428	4.52967	2.01201	0.741016	19.9131	15.554	19.6229	15.5989	-1.80085	4.45372	2.15412e-314
19.5968	15.7356	4.49386	2.02203	0.652715	19.9388	15.0864	19.5298	15.8203	-1.92164	4.40193	1.51752
19.4821	15.9591	4.55852	2.05792	0.656201	19.4748	16.0098	19.4307	16.039	-2.04114	4.3469	2.15412e-314
19.3897	16.162	4.56048	2.05074	0.512921	19.1556	16.0022	19.3257	16.2549	-2.15925	4.28868	1.98593
19.2803	16.3415	4.51703	2.07995	0.518816	19.238	16.2719	19.2148	16.4679	-2.27586	4.22731	2.15412e-314
19.1686	16.5305	4.49992	2.11137	0.540169	19.4007	16.2962	19.0981	16.6777	-2.39087	4.16284	0.224462
19.0252	16.7595	4.60999	2.14271	0.545042	19.0029	16.8387	18.9757	16.8841	-2.50418	4.0953	2.15412e-314
18.8657	16.9513	4.63798	2.2336	0.771024	18.8373	17.7112	18.8477	17.0872	-2.61571	4.02476	5.96323
18.6647	17.2114	4.87411	2.27876	0.776749	18.6148	17.3832	18.7142	17.2866	-2.72534	3.95127	2.15412e-314
18.5756	17.4131	4.78426	2.21023	0.421898	18.8177	17.0316	18.5752	17.4822	-2.83299	3.87489	6.25087
18.3501	17.6241	4.93856	2.25575	0.448999	18.1023	17.5529	18.4309	17.674	-2.93858	3.79568	2.15412e-314
18.2076	17.8193	4.93197	2.24644	0.334919	18.2749	17.4877	18.2814	17.8617	-3.042	3.71372	1.18616
18.09	18.0032	4.86237	2.25167	0.321072	18.2094	18.0461	18.1268	18.0453	-3.14318	3.62906	2.15412e-314
17.9146	18.1483	4.79988	2.32285	0.506801	18.3021	17.498	17.9671	18.2246	-3.24204	3.5418	3.12387
17.8014	18.2776	4.63618	2.34038	0.496349	17.9018	18.2183	17.8026	18.3994	-3.3385	3.45199	2.15412e-314
17.675	18.4509	4.59266	2.34629	0.459034	18.8558	18.1364	17.6334	18.5697	-3.43247	3.35973	6.27676
17.4674	18.6501	4.73354	2.37438	0.464892	17.3845	18.7039	17.4595	18.7353	-3.5239	3.26509	2.15412e-314
17.2895	18.7851	4.69658	2.42479	0.55355	17.7945	18.0801	17.281	18.8962	-3.61271	3.16817	1.95633
17.1343	18.9168	4.62159	2.4506	0.551922	17.1762	18.8863	17.0983	19.0521	-3.69883	3.06904	2.15412e-314
16.9681	19.0869	4.63871	2.45878	0.503672	16.9398	19.7311	16.9113	19.203	-3.78221	2.9678	2.95467
16.7451	19.2079	4.67267	2.50325	0.529697	16.5734	19.052	16.7201	19.3488	-3.86278	2.86455	2.15412e-314
16.5516	19.3639	4.7171	2.53217	0.553687	16.1674	20.2201	16.5251	19.4894	-3.9405	2.75938	3.252
16.3088	19.5392	4.87373	2.55821	0.547264	16.2338	19.6171	16.3262	19.6246	-4.01531	2.65237	2.15412e-314
16.0891	19.6182	4.82655	2.62139	0.636568	16.4366	18.2742	16.1237	19.7545	-4.08716	2.54364	9.97087
15.8774	19.7633	4.87096	2.6434	0.622236	15.9243	19.8703	15.9176	19.8789	-4.15602	2.43329	2.15412e-314
15.6937	19.8878	4.789	2.62508	0.445257	16.2328	19.2166	15.7082	19.9978	-4.22185	2.32141	3.33206
15.4508	20.0532	4.92621	2.63604	0.425447	15.4332	20.1836	15.4956	20.111	-4.28461	2.2081	2.15412e-314
15.2265	20.2029	4.98839	2.64523	0.403814	14.3677	21.3406	15.2799	20.2185	-4.34427	2.09347	5.35056
15.0519	20.3282	4.90991	2.65348	0.389604	15.2016	20.4385	15.0613	20.3203	-4.4008	1.97763	2.15412e-314
14.8197	20.4079	4.90487	2.70554	0.484463	14.7476	19.9571	14.84	20.4162	-4.4542	1.86068	2.41973
14.6074	20.5253	4.904	2.72166	0.473741	14.6665	20.6088	14.6161	20.5063	-4.50443	1.74272	2.15412e-314
14.3642	20.6155	4.95087	2.76972	0.560868	13.841	21.0031	14.3897	20.5904	-4.55149	1.62386	1.17731
14.119	20.6848	4.95828	2.80661	0.57264	14.0521	20.5924	14.1611	20.6686	-4.59537	1.50421	2.15412e-314
13.8793	20.7591	4.97465	2.84594	0.612162	13.8232	20.859	13.9304	20.7408	-4.63606	1.38386	0.135526
13.5976	20.8216	5.05949	2.88443	0.620105	13.4686	20.7253	13.6977	20.807	-4.67357	1.26294	2.15412e-314
13.3505	20.8534	5.06295	2.9485	0.728223	13.8263	20.4261	13.4632	20.8671	-4.70789	1.14153	1.41944
13.1101	20.8817	5.02852	2.99089	0.737921	13.1072	20.8294	13.2271	20.9211	-4.73904	1.01975	2.15412e-314
12.8824	20.9432	4.97378	2.99722	0.645815	13.2669	21.1579	12.9895	20.969	-4.76702	0.897694	2.27837
12.7029	20.9707	4.82293	3.0293	0.654108	12.8729	21.0592	12.7506	21.0108	-4.79186	0.775469	2.15412e-314
12.4478	21.0156	4.86598	3.0476	0.616666	11.5171	21.6724	12.5106	21.0465	-4.81358	0.653175	2.62907
12.1983	21.0519	4.89507	3.07072	0.603947	12.2062	21.11	12.2695	21.0761	-4.83219	0.530912	2.15412e-314
11.9651	21.0705	4.87758	3.10059	0.609323	12.3859	21.1066	12.0276	21.0996	-4.84773	0.408778	0.904904
11.7298	21.034	4.83124	3.15138	0.640698	11.6814	20.8651	11.785	21.117	-4.86022	0.286869	2.15412e-314
11.4886	21.0191	4.814	3.1828	0.626014	11.5265	20.6748	11.5418	21.1283	-4.86971	0.165281	1.03402
11.2803	21.0084	4.74385	3.21498	0.6308	11.363	21.0688	11.2982	21.1335	-4.87623	0.0441057	2.15412e-314
11.0299	20.9685	4.7609	3.25207	0.630046	10.5558	20.5567	11.0544	21.1327	-4.87982	-0.076565	4.06412
10.8277	20.9269	4.68019	3.29303	0.64828	10.8903	20.927	10.8105	21.1259	-4.88053	-0.196643	2.15412e-314
10.5761	20.9306	4.64831	3.27076	0.478494	9.30535	21.3896	10.5666	21.1131	-4.8784	-0.31604	5.5121
10.2617	20.9821	4.86247	3.24051	0.384989	10.189	21.209	10.3229	21.0943	-4.87349	-0.434674	2.15412e-314
10.0225	20.9602	4.87716	3.26687	0.418942	9.97958	21.2932	10.0795	21.0697	-4.86585	-0.552463	1.0657
9.85	20.9181	4.71832	3.30216	0.444979	9.99634	20.9797	9.83658	21.0391	-4.85554	-0.669327	2.15412e-314
9.61394	20.9099	4.67681	3.2866	0.330694	9.38223	21.111	9.59422	21.0028	-4.84262	-0.785189	1.02008
9.43718	20.8603	4.55128	3.31867	0.357378	9.53921	20.8762	9.35258	20.9607	-4.82714	-0.899977	2.15412e-314
9.22513	20.8105	4.56835	3.35928	0.436769	9.63392	20.9724	9.11177	20.9128	-4.80919	-1.01362	1.73887
8.89199	20.8	4.8259	3.34157	0.370135	8.70331	20.8221	8.87192	20.8594	-4.78881	-1.12605	2.15412e-314
8.68745	20.7127	4.78426	3.39873	0.466704	9.84634	20.009	8.63315	20.8003	-4.76608	-1.2372	4.74196
8.38826	20.6373	4.94235	3.41492	0.450893	8.22277	20.4839	8.39557	20.7358	-4.74108	-1.34701	2.15412e-314
8.15561	20.5568	4.95707	3.4526	0.496653	8.29647	20.4978	8.1593	20.6657	-4.71387	-1.45542	0.168546
7.91077	20.4762	4.98044	3.47648	0.494281	7.88599	20.45	7.92445	20.5903	-4.68453	-1.56237	2.15412e-314
7.69529	20.389	4.98922	3.52313	0.572854	8.29081	20.6565	7.69111	20.5096	-4.65313	-1.66781	3.35716
7.35133	20.3376	5.23792	3.50304	0.489266	7.18029	20.392	7.45939	20.4237	-4.61975	-1.7717	2.15412e-314
7.10533	20.2464	5.22053	3.51722	0.45236	7.09214	20.1196	7.22939	20.3326	-4.58448	-1.87399	0.263977
6.84259	20.1601	5.26566	3.5292	0.434852	6.81542	20.1859	7.00119	20.2364	-4.54738	-1.97462	2.15412e-314
6.60686	20.0722	5.22735	3.53982	0.400369	6.89359	20.1536	6.7749	20.1352	-4.50854	-2.07357	0.563799
6.37195	19.9761	5.21515	3.55819	0.398444	6.38914	20.0137	6.55059	20.0292	-4.46805	-2.17079	2.15412e-314
6.15165	19.8832	5.18113	3.57905	0.408585	6.67637	20.2142	6.32834	19.9183	-4.42598	-2.26625	3.02221
5.89196	19.7875	5.23406	3.58541	0.385784	5.86119	19.8306	6.10823	19.8027	-4.38241	-2.35993	2.15412e-314
5.65199	19.6418	5.3191	3.63672	0.487737	5.28178	19.5036	5.89034	19.6824	-4.33744	-2.45178	1.60042
5.52005	19.5051	5.10318	3.69452	0.545887	5.69089	19.5755	5.67472	19.5577	-4.29114	-2.5418	2.15412e-314
5.32647	19.3548	5.06038	3.73397	0.564533	5.9506	18.9859	5.46145	19.4284	-4.24359	-2.62995	1.79036
5.12274	19.2496	5.03077	3.74795	0.54374	5.17021	19.4397	5.25059	19.2948	-4.19488	-2.71622	2.15412e-314
4.94765	19.1371	4.87047	3.75444	0.467618	5.87397	19.301	5.04219	19.157	-4.1451	-2.80059	4.77685
4.80732	18.9835	4.76252	3.80478	0.51676	4.89149	18.982	4.8363	19.015	-4.09432	-2.88305	2.15412e-314
4.60009	18.832	4.85839	3.83295	0.543406	3.98679	19.0452	4.63297	18.8689	-4.04263	-2.96359	1.56979
4.42587	18.7005	4.81885	3.8544	0.53602	4.4685	18.834	4.43224	18.7188	-3.99012	-3.0422	2.15412e-314
4.25916	18.5574	4.70609	3.86601	0.476831	4.69245	18.4634	4.23416	18.5648	-3.93685	-3.11888	1.15872
4.152	18.403	4.57785	3.91982	0.532947	4.26269	18.481	4.03876	18.4071	-3.88293	-3.19362	2.15412e-314
3.97086	18.2267	4.81208	3.97192	0.646044	3.42434	18.8357	3.84606	18.2457	-3.82841	-3.26644	6.86816
3.65779	18.0918	5.04202	3.90899	0.47452	3.45919	18.167	3.65611	18.0807	-3.77339	-3.33732	2.15412e-314
3.49615	17.9454	4.87959	3.908	0.384937	4.3011	17.9267	3.46891	17.9122	-3.71795	-3.40627	3.43521
3.2416	17.7834	5.01661	3.88387	0.308744	3.12525	17.7493	3.28449	17.7402	-3.66215	-3.47331	2.15412e-314
3.06043	17.5957	5.13083	3.93091	0.416394	2.65664	17.888	3.10287	17.565	-3.60609	-3.53844	2.32751
2.88562	17.4789	5.05727	3.93001	0.385332	2.9449	17.8154	2.92405	17.3866	-3.54982	-3.60167	2.15412e-314
2.75052	17.2584	5.13395	4.00707	0.53629	3.26647	17.0897	2.74805	17.2051	-3.49344	-3.66302	2.50168
2.57179	17.0676	5.15482	4.02462	0.520881	2.55407	17.0853	2.57486	17.0205	-3.437	-3.72251	2.15412e-314
2.40713	16.9064	4.95344	4.00886	0.384772	2.55039	16.8884	2.4045	16.833	-3.38059	-3.78014	2.41957
2.24534	16.7366	4.93756	4.01997	0.372197	2.25371	16.8334	2.23695	16.6427	-3.32428	-3.83595	2.15412e-314
2.05863	16.5417	4.93074	4.01174	0.295755	1.57735	16.0489	2.07221	16.4497	-3.26812	-3.88995	4.52179
1.90732	16.3123	4.96766	4.04322	0.322137	1.88972	16.1054	1.91027	16.254	-3.21219	-3.94216	2.15412e-314
1.7467	16.1373	4.90441	4.03835	0.263532	1.74362	16.2687	1.75112	16.0557	-3.15656	-3.99261	0.47893
1.5262	15.9752	4.98259	4.00496	0.183309	1.44745	16.0853	1.59474	15.8549	-3.10129	-4.04132	2.15412e-314
1.41016	15.7367	5.10355	4.08586	0.37615	1.6097	15.5526	1.44111	15.6517	-3.04644	-4.08832	2.66669
1.2323	15.5157	5.17132	4.09274	0.354406	1.18395	15.4284	1.29021	15.4463	-2.99207	-4.13364	2.15412e-314
1.0638	15.3244	5.1439	4.08702	0.299417	0.828993	15.528	1.14201	15.2386	-2.93825	-4.1773	0.859558
0.835115	15.1039	5.28766	4.06193	0.228059	0.722706	15.0075	0.996486	15.0288	-2.88503	-4.21933	2.15412e-314
0.679861	14.9257	5.17174	4.05041	0.154317	1.03147	15.2134	0.853604	14.8169	-2.83246	-4.25977	2.20918
0.614126	14.7144	5.02904	4.10947	0.241635	0.737301	14.7047	0.71333	14.603	-2.78061	-4.29864	2.15412e-314
0.505217	14.4688	5.13766	4.17042	0.372963	0.722177	14.2445	0.575628	14.3872	-2.72952	-4.33598	2.09544
0.323489	14.2433	5.22564	4.1624	0.325763	0.253435	14.2029	0.440459	14.1696	-2.67925	-4.37181	2.15412e-314
0.191896	13.9872	5.40204	4.21285	0.440451	-0.0328023	13.9604	0.307779	13.9502	-2.62984	-4.40617	1.95819
0.23692	13.7352	5.16454	4.33543	0.618732	0.459172	13.6856	0.177545	13.7292	-2.58135	-4.43909	2.15412e-314
0.136689	13.4928	5.2247	4.36546	0.62728	0.0524412	13.6377	0.0497099	13.5065	-2.53381	-4.47061	0.413573
-0.055372	13.2555	5.34107	4.32942	0.50191	-0.190344	13.2856	-0.0757753	13.2823	-2.48728	-4.50075	2.15412e-314
-0.177759	13.0419	5.17965	4.31418	0.388692	-0.275043	13.1456	-0.198962	13.0566	-2.44179	-4.52955	1.65788
-0.133483	12.8214	4.99031	4.41977	0.55021	0.0462308	12.9301	-0.319903	12.8295	-2.39739	-4.55704	2.15412e-314
-0.247646	12.599	4.87392	4.40405	0.443356	-0.684792	12.3563	-0.438654	12.6011	-2.35412	-4.58326	3.33754
-0.388891	12.3676	4.94049	4.37997	0.357157	-0.476482	12.3633	-0.555273	12.3714	-2.31202	-4.60823	2.15412e-314
-0.520602	12.1604	4.91017	4.35267	0.264497	-0.972122	12.5207	-0.669818	12.1404	-2.27111	-4.63198	3.39386
-0.595819	11.9485	4.87369	4.36958	0.272334	-0.582624	12.0386	-0.78235	11.9083	-2.23144	-4.65456	2.15412e-314
-0.735603	11.7181	4.93482	4.34284	0.198114	-1.26757	11.6495	-0.892931	11.6751	-2.19304	-4.67598	2.58161
-0.974978	11.4742	5.11418	4.25371	0.0195666	-1.17212	11.3988	-1.00163	11.4409	-2.15594	-4.69628	2.15412e-314
-1.08709	11.2463	5.05628	4.24267	-0.0279664	-0.891441	10.959	-1.1085	11.2057	-2.12017	-4.71549	1.5998
-1.27978	11.0236	5.15265	4.19267	-0.109572	-1.39289	11.0424	-1.21362	10.9695	-2.08575	-4.73364	2.15412e-314
-1.34045	10.7708	5.25431	4.27256	0.118519	-1.29894	10.9012	-1.31706	10.7324	-2.05273	-4.75075	2.81406
-1.47192	10.5143	5.31441	4.27006	0.104015	-1.49687	10.4198	-1.41889	10.4945	-2.02111	-4.76686	2.15412e-314
-1.56824	10.245	5.4231	4.30762	0.199162	-1.59293	10.0212	-1.51917	10.2559	-1.99093	-4.78198	1.36957
-1.64491	10.0378	5.31454	4.32814	0.219601	-1.61875	10.2374	-1.61797	10.0165	-1.96221	-4.79615	2.15412e-314
-1.73141	9.80965	5.22914	4.33613	0.19762	-1.59702	9.96554	-1.71539	9.77637	-1.93498	-4.80939	0.66449
-1.78463	9.59496	5.12705	4.36684	0.236117	-1.73381	9.71347	-1.81147	9.53564	-1.90924	-4.82172	2.15412e-314
-1.90997	9.3363	5.27752	4.36886	0.245575	-2.27191	9.37316	-1.90631	9.29431	-1.88502	-4.83316	2.17303
-1.98727	9.03735	5.3479	4.39421	0.265815	-1.93833	8.77028	-1.99998	9.05243	-1.86233	-4.84374	2.15412e-314
-2.06874	8.81932	5.19871	4.38663	0.191288	-1.96565	9.13274	-2.09256	8.81003	-1.8412	-4.85347	2.12207
-2.16251	8.56705	5.22409	4.38999	0.179722	-2.1768	8.5411	-2.18412	8.56717	-1.82164	-4.86238	2.15412e-314
-2.31006	8.3052	5.32946	4.35965	0.107368	-2.65862	8.19477	-2.27474	8.32388	-1.80365	-4.87047	2.36577
-2.3282	8.08153	5.1935	4.40676	0.182555	-2.21875	8.15339	-2.3645	8.0802	-1.78726	-4.87778	2.15412e-314
-2.37316	7.87698	5.05693	4.42638	0.192978	-2.273	8.52315	-2.45348	7.83617	-1.77248	-4.8843	5.49015
-2.50069	7.62115	5.1524	4.40282	0.134069	-2.59674	7.60288	-2.54177	7.59184	-1.75931	-4.89006	2.15412e-314
-2.68675	7.37825	5.18888	4.32103	-0.0731396	-3.08256	7.38874	-2.62944	7.34723	-1.74777	-4.89507	4.40445
-2.79482	7.1255	5.22434	4.31384	-0.0798299	-2.79865	7.064	-2.71658	7.10238	-1.73786	-4.89933	2.15412e-314
-2.83259	6.89537	5.18886	4.37068	0.0805197	-2.79412	7.20818	-2.80326	6.85734	-1.72958	-4.90286	2.31244
-2.85217	6.70173	5.00127	4.40634	0.132199	-2.74651	6.86867	-2.88957	6.61214	-1.72295	-4.90566	2.15412e-314
-2.89556	6.49189	4.81946	4.40672	0.0695881	-2.57673	6.36755	-2.97559	6.36681	-1.71797	-4.90774	3.1071
-2.95009	6.26068	4.79812	4.42053	0.0865884	-2.90217	6.22989	-3.0614	6.12139	-1.71464	-4.90911	2.15412e-314
-3.08223	6.00365	4.97637	4.40041	0.0681138	-3.50172	6.10796	-3.14709	5.87592	-1.71297	-4.90976	4.03979
-3.17958	5.72053	5.09403	4.39527	0.0504928	-3.1778	5.53101	-3.23274	5.63043	-1.71295	-4.9097	2.15412e-314
-3.29657	5.46832	5.11131	4.35545	-0.0723594	-3.19736	5.19093	-3.31843	5.38496	-1.71458	-4.90893	1.70129
-3.40652	5.20229	5.19368	4.3432	-0.0872513	-3.43031	5.10507	-3.40424	5.13955	-1.71787	-4.90745	2.15412e-314
-3.4623	4.95818	5.18474	4.382	0.0359042	-3.4281	4.94644	-3.49026	4.89422	-1.72281	-4.90525	0.644583
-3.59453	4.6652	5.35676	4.36458	0.00818848	-3.69435	4.52196	-3.57657	4.64902	-1.72939	-4.90233	2.15412e-314
-3.70457	4.40853	5.35904	4.3349	-0.0948337	-3.50501	4.17643	-3.66325	4.40398	-1.73763	-4.89868	1.59265
-3.85569	4.12488	5.51562	4.31053	-0.120464	-4.00238	4.04684	-3.75039	4.15913	-1.74749	-4.8943	2.15412e-314
-3.92187	3.88936	5.43947	4.35101	0.0285052	-4.06447	4.10977	-3.83806	3.91452	-1.75899	-4.88918	1.87099
-3.98433	3.66775	5.31354	4.36138	0.0354637	-3.88053	3.75177	-3.92635	3.67019	-1.77212	-4.8833	2.15412e-314
-4.07215	3.47862	5.15161	4.33921	-0.052991	-4.23729	3.88878	-4.01533	3.42616	-1.78686	-4.87666	4.00025
-4.16439	3.23543	5.15714	4.33786	-0.0511261	-4.15119	3.21968	-4.10509	3.18248	-1.8032	-4.86925	2.15412e-314
-4.28145	2.9757	5.23364	4.31882	-0.103245	-4.27467	2.88187	-4.19571	2.93919	-1.82113	-4.86104	0.488285
-4.37881	2.69357	5.3256	4.32166	-0.0881333	-4.32451	2.55034	-4.28727	2.69633	-1.84065	-4.85202	2.15412e-314
-4.46103	2.44544	5.30261	4.34016	-0.0127727	-4.38481	2.39989	-4.37985	2.45393	-1.86173	-4.84218	0.356471
-4.56964	2.17166	5.38746	4.34071	-0.00552751	-4.61223	2.09192	-4.47352	2.21205	-1.88436	-4.83149	2.15412e-314
-4.67342	1.95265	5.32451	4.29794	-0.170447	-4.29257	1.92854	-4.56836	1.97072	-1.90853	-4.81994	3.61232
-4.79885	1.66516	5.46144	4.29405	-0.153041	-4.86829	1.53442	-4.66444	1.72998	-1.93422	-4.80751	2.15412e-314
-4.91856	1.41711	5.47509	4.27866	-0.17813	-4.98165	1.43611	-4.76186	1.48989	-1.9614	-4.79417	0.082699
-4.97498	1.20146	5.31493	4.27864	-0.182103	-4.66779	1.28643	-4.86066	1.25049	-1.99007	-4.7799	2.15412e-314
-5.06314	1.00065	5.16015	4.28206	-0.127408	-4.98594	1.10894	-4.96095	1.01182	-2.02019	-4.76468	1.27752
-5.12132	0.781245	5.06229	4.28573	-0.123388	-4.85498	0.825661	-5.06277	0.77393	-2.05174	-4.74848	2.15412e-314
-5.22059	0.462416	5.29727	4.30207	-0.0911284	-4.84736	0.18101	-5.16621	0.536876	-2.08471	-4.73127	5.71943
-5.29436	0.227516	5.24244	4.30491	-0.0847659	-5.1231	0.257311	-5.27133	0.300706	-2.11906	-4.71303	2.15412e-314
-5.4029	-0.00659415	5.18607	4.31983	0.00833593	-5.99809	-0.290765	-5.3782	0.0654719	-2.15477	-4.69374	5.76385
-5.46954	-0.240532	5.14141	4.32871	0.0178367	-5.29972	-0.212982	-5.4869	-0.168772	-2.1918	-4.67335	2.15412e-314
-5.59181	-0.392262	4.98103	4.27794	-0.113821	-5.64447	-0.144522	-5.59748	-0.401971	-2.23014	-4.65185	3.20792
-5.72807	-0.560975	4.87253	4.24087	-0.173832	-5.85359	-0.445801	-5.71001	-0.634069	-2.26974	-4.62919	2.15412e-314
-5.84602	-0.789637	5.00788	4.20445	-0.297067	-5.30947	-0.724468	-5.82456	-0.865006	-2.31058	-4.60536	4.99734
-5.94362	-1.0877	5.17255	4.23122	-0.21118	-5.87835	-1.26863	-5.94118	-1.09472	-2.35262	-4.58032	2.15412e-314
-6.02892	-1.37658	5.26917	4.26303	-0.117789	-5.68069	-1.52871	-6.05993	-1.32316	-2.39581	-4.55404	3.2072
-6.17136	-1.57595	5.2058	4.23067	-0.16953	-6.27263	-1.50938	-6.18087	-1.55025	-2.44014	-4.52648	2.15412e-314
-6.31885	-1.81098	5.36175	4.18325	-0.314008	-6.11355	-1.75966	-6.30406	-1.77593	-2.48555	-4.49762	2.51309
-6.42821	-2.07724	5.42197	4.19399	-0.26236	-6.34007	-2.13685	-6.42954	-2.00014	-2.532	-4.46742	2.15412e-314
-6.58008	-2.26521	5.2635	4.16766	-0.256583	-6.99344	-2.17445	-6.55738	-2.22281	-2.57946	-4.43585	3.2514
-6.73462	-2.4701	5.23582	4.13926	-0.286501	-6.79288	-2.4458	-6.68761	-2.44386	-2.62788	-4.40288	2.15412e-314
-6.89325	-2.67315	5.2055	4.11288	-0.305812	-7.14408	-2.67584	-6.82029	-2.66323	-2.6772	-4.36847	0.827939
-6.97605	-2.97483	5.33357	4.16554	-0.172643	-6.8003	-3.10086	-6.95546	-2.88084	-2.7274	-4.3326	2.15412e-314
-7.10158	-3.20089	5.26202	4.17252	-0.118984	-7.13937	-3.22028	-7.09316	-3.09663	-2.7784	-4.29523	0.354755
-7.22714	-3.38347	5.17146	4.15067	-0.15322	-7.12118	-3.26434	-7.23344	-3.3105	-2.83017	-4.25632	2.15412e-314
-7.36935	-3.64555	5.26014	4.16218	-0.112427	-7.77186	-4.08999	-7.37632	-3.5224	-2.88265	-4.21586	4.45001
-7.54018	-3.74639	5.04884	4.0844	-0.255453	-7.49009	-3.49081	-7.52184	-3.73223	-2.93579	-4.1738	2.15412e-314
-7.68765	-3.95186	5.09235	4.06884	-0.271595	-7.52393	-3.88213	-7.67004	-3.93992	-2.98953	-4.13012	0.475782
-7.83455	-4.1977	5.16675	4.07933	-0.223227	-7.88049	-4.29783	-7.82094	-4.14538	-3.04381	-4.08479	2.15412e-314
-7.98418	-4.41958	5.17784	4.0787	-0.198697	-8.08524	-4.57834	-7.97457	-4.34854	-3.09857	-4.03778	0.445013
-8.13826	-4.67483	5.26292	4.09206	-0.151753	-8.22492	-4.79812	-8.13095	-4.5493	-3.15376	-3.98906	2.15412e-314
-8.2705	-4.88221	5.09455	4.10821	-0.069276	-8.453	-4.95621	-8.2901	-4.74759	-3.2093	-3.93862	1.88813
-8.39392	-5.10543	5.10318	4.1214	-0.0381086	-8.33552	-5.1059	-8.45204	-4.94331	-3.26514	-3.88641	2.15412e-314
-8.54448	-5.25941	4.94378	4.09533	-0.0675864	-8.55062	-4.79248	-8.61678	-5.13637	-3.32121	-3.83242	3.08115
-8.73481	-5.45181	4.96744	4.06513	-0.115883	-8.91477	-5.51752	-8.78433	-5.32669	-3.37745	-3.77663	2.15412e-314
-8.89555	-5.64871	4.99048	4.05242	-0.131378	-9.04115	-5.69364	-8.95469	-5.51417	-3.43377	-3.71901	0.28473
-9.04981	-5.83216	4.97091	4.03875	-0.145014	-9.03391	-5.80267	-9.12788	-5.69872	-3.49012	-3.65955	2.15412e-314
-9.19244	-5.97569	4.81305	4.01781	-0.160821	-8.86897	-5.41973	-9.30388	-5.88026	-3.54643	-3.59823	5.08782
-9.37981	-6.04918	4.66471	3.93716	-0.298671	-9.30811	-5.82368	-9.4827	-6.05868	-3.60261	-3.53503	2.15412e-314
-9.5609	-6.22959	4.75964	3.91954	-0.308243	-9.80646	-6.41174	-9.66432	-6.23389	-3.6586	-3.46994	1.28431
-9.68293	-6.46506	4.81476	3.96525	-0.193891	-9.62547	-6.55958	-9.84874	-6.4058	-3.71431	-3.40295	2.15412e-314
-9.9238	-6.60747	4.96979	3.89141	-0.329722	-10.6688	-6.35543	-10.0359	-6.57431	-3.76969	-3.33404	7.03803
-10.1276	-6.7796	5.0005	3.86732	-0.342321	-10.2246	-6.83402	-10.2259	-6.73933	-3.82463	-3.26321	2.15412e-314
-10.3199	-6.93231	5.03166	3.84049	-0.363772	-10.2205	-6.71044	-10.4186	-6.90075	-3.87907	-3.19046	0.709454
-10.5482	-7.12912	5.12232	3.82734	-0.351075	-10.7616	-7.29159	-10.614	-7.05849	-3.93293	-3.11577	2.15412e-314
-10.7664	-7.25177	5.10414	3.7791	-0.409064	-10.8944	-6.83335	-10.8121	-7.21245	-3.98613	-3.03916	1.46381
-11.0116	-7.42729	5.18631	3.75652	-0.409835	-11.2219	-7.56979	-11.0128	-7.36252	-4.03859	-2.96062	2.15412e-314
-11.206	-7.55255	5.05945	3.73058	-0.420659	-10.986	-7.3707	-11.2161	-7.50862	-4.09021	-2.88015	1.35333
-11.335	-7.73268	4.99307	3.76879	-0.314127	-11.0934	-7.6776	-11.422	-7.65064	-4.14093	-2.79777	2.15412e-314
-11.536	-7.84782	4.94182	3.73638	-0.34544	-11.4213	-7.46085	-11.6304	-7.78849	-4.19066	-2.71349	1.57551
-11.7092	-7.95392	4.86805	3.7143	-0.356072	-11.5269	-7.8215	-11.8413	-7.92208	-4.23932	-2.6273	2.15412e-314
-11.9059	-8.05496	4.71876	3.6809	-0.38767	-11.9422	-7.88317	-12.0546	-8.05131	-4.28682	-2.53924	0.941711
-12.1157	-8.14419	4.70276	3.64066	-0.426098	-12.09	-8.08828	-12.2702	-8.17609	-4.33309	-2.44932	2.15412e-314
-12.3513	-8.2714	4.96726	3.62674	-0.398659	-12.4462	-8.02117	-12.4881	-8.29633	-4.37802	-2.35756	2.89751
-12.5512	-8.35849	4.91659	3.59836	-0.415091	-12.4231	-8.2599	-12.7082	-8.41193	-4.42156	-2.26399	2.15412e-314
-12.7626	-8.42865	4.762	3.55285	-0.470943	-12.7461	-8.19449	-12.9304	-8.5228	-4.4636	-2.16863	1.24773
-13.0403	-8.52421	4.86058	3.50995	-0.503774	-13.2911	-8.64594	-13.1547	-8.62886	-4.50407	-2.07151	2.15412e-314
-13.3004	-8.61643	5.01651	3.48581	-0.487399	-13.7929	-8.47158	-13.381	-8.73002	-4.54289	-1.97267	2.63014
-13.5158	-8.67185	4.96892	3.45172	-0.506085	-13.384	-8.57583	-13.6092	-8.82619	-4.57997	-1.87214	2.15412e-314
-13.7402	-8.68846	4.79195	3.3812	-0.611848	-13.6376	-8.26344	-13.8392	-8.91729	-4.61524	-1.76997	2.83806
-13.9438	-8.83549	4.77334	3.42123	-0.485795	-13.9959	-8.99264	-14.0709	-9.00324	-4.64861	-1.6662	2.15412e-314
-14.2048	-8.9263	5.01981	3.42358	-0.404359	-14.4737	-8.79552	-14.3043	-9.08395	-4.68001	-1.56086	2.8127
-14.4144	-9.07139	4.98484	3.46366	-0.297432	-14.4273	-9.1875	-14.5391	-9.15936	-4.70936	-1.45402	2.15412e-314
-14.6376	-9.14785	4.89434	3.44768	-0.309516	-14.5757	-9.32634	-14.7754	-9.22939	-4.73658	-1.34573	0.441993
-14.9403	-9.12311	4.99295	3.34977	-0.456399	-15.062	-9.04396	-15.013	-9.29397	-4.76161	-1.23603	2.15412e-314
-15.2014	-9.19684	5.03105	3.33944	-0.433767	-15.6189	-9.69365	-15.2517	-9.35302	-4.78436	-1.125	4.54167
-15.4555	-9.34191	5.0601	3.38033	-0.323346	-15.6682	-9.56749	-15.4916	-9.40649	-4.80476	-1.01269	2.15412e-314
-15.6933	-9.37076	4.89203	3.33275	-0.410485	-15.9382	-9.35751	-15.7324	-9.45431	-4.82275	-0.899159	2.06053
-15.9437	-9.46737	4.918	3.34469	-0.352844	-16.0862	-9.59819	-15.9741	-9.49642	-4.83827	-0.784484	2.15412e-314
-16.1953	-9.4723	4.87224	3.28958	-0.434545	-16.6033	-8.85459	-16.2164	-9.53277	-4.85124	-0.668734	2.1325
-16.4499	-9.45219	4.89711	3.22991	-0.501638	-16.4229	-9.37029	-16.4594	-9.5633	-4.8616	-0.55198	2.15412e-314
-16.6627	-9.45502	4.81475	3.19642	-0.525341	-16.011	-9.33486	-16.7027	-9.58797	-4.8693	-0.434301	4.7769
-16.953	-9.42488	4.91669	3.13509	-0.585212	-17.1132	-9.43043	-16.9464	-9.60673	-4.87427	-0.315773	2.15412e-314
-17.1984	-9.50604	4.97978	3.17967	-0.423469	-16.9255	-10.8571	-17.1903	-9.61954	-4.87646	-0.196479	8.20947
-17.4603	-9.52502	5.00391	3.16459	-0.413141	-17.5448	-9.57485	-17.4342	-9.62636	-4.87583	-0.0765024	2.15412e-314
-17.7189	-9.5109	4.96939	3.12222	-0.471359	-18.1371	-9.39146	-17.6781	-9.62717	-4.87232	0.0440703	1.65958
-17.9767	-9.46989	5.00201	3.07635	-0.509544	-17.9724	-9.42299	-17.9216	-9.62194	-4.86588	0.165151	2.15412e-314
-18.2224	-9.42628	4.96251	3.02641	-0.57208	-18.3083	-9.18778	-18.1648	-9.61064	-4.85648	0.286648	0.404076
-18.4028	-9.50147	4.78272	3.07212	-0.447216	-18.2763	-9.60997	-18.4074	-9.59325	-4.84408	0.40847	2.15412e-314
-18.6356	-9.50011	4.83785	3.07553	-0.372838	-18.2443	-9.58547	-18.6493	-9.56977	-4.82864	0.530522	1.75521
-18.8884	-9.48628	4.85974	3.05913	-0.369069	-18.9545	-9.51544	-18.8904	-9.54017	-4.81012	0.652707	2.15412e-314
-19.1159	-9.45274	4.87653	3.04147	-0.352085	-18.6983	-9.02886	-19.1305	-9.50447	-4.78851	0.774927	3.83615
-19.3799	-9.29978	4.99485	2.94162	-0.492707	-19.2983	-9.09865	-19.3694	-9.46265	-4.76378	0.897083	2.15412e-314
-19.6174	-9.21172	4.95591	2.88064	-0.585292	-19.7037	-8.79906	-19.6069	-9.41472	-4.73591	1.01907	0.896432
-19.8761	-9.06991	5.05421	2.80506	-0.661532	-19.8731	-8.96417	-19.8431	-9.36071	-4.70487	1.1408	2.15412e-314
-20.1217	-8.95685	5.12685	2.76775	-0.642539	-20.3815	-7.6755	-20.0775	-9.30061	-4.67066	1.26215	4.75101
-20.2539	-9.16599	4.62355	2.90984	-0.374262	-20.1607	-9.59663	-20.3102	-9.23446	-4.63328	1.38303	2.15412e-314
-20.4893	-9.13736	4.6613	2.91585	-0.313856	-20.4587	-9.7448	-20.5409	-9.16227	-4.59271	1.50334	1.53149
-20.7192	-9.02172	4.72731	2.8635	-0.374596	-20.6596	-8.91527	-20.7696	-9.08409	-4.54895	1.62296	2.15412e-314
-20.9621	-8.94087	4.7511	2.83151	-0.410381	-21.5568	-8.5005	-20.9959	-8.99994	-4.50202	1.74179	2.60457
-21.1556	-8.87422	4.68542	2.81496	-0.403151	-21.0195	-8.85081	-21.2198	-8.90987	-4.45191	1.85972	2.15412e-314
-21.3886	-8.78882	4.69024	2.78311	-0.440537	-21.8628	-8.64129	-21.4412	-8.81393	-4.39865	1.97666	1.9947
-21.5725	-8.7796	4.54691	2.8051	-0.367107	-21.5029	-8.87191	-21.6597	-8.71217	-4.34224	2.0925	2.15412e-314
-21.7608	-8.63653	4.45521	2.71327	-0.560273	-21.9514	-7.41274	-21.8754	-8.60465	-4.2827	2.20712	5.81158
-21.9621	-8.55142	4.44486	2.69187	-0.549336	-21.9793	-8.57089	-22.0881	-8.49143	-4.22007	2.32043	2.15412e-314
-22.1715	-8.4565	4.52867	2.69274	-0.448793	-22.1914	-7.70392	-22.2975	-8.37258	-4.15437	2.43232	2.4848
-22.4123	-8.3388	4.61893	2.66472	-0.457777	-22.5838	-8.35296	-22.5035	-8.24817	-4.08564	2.5427	2.15412e-314
-22.6007	-8.22918	4.5727	2.6315	-0.491992	-22.3177	-8.57758	-22.7061	-8.11829	-4.01391	2.65145	0.689465
-22.8636	-7.92641	4.94119	2.50758	-0.646946	-22.9861	-7.6724	-22.9049	-7.98301	-3.93923	2.75848	2.15412e-314
-23.059	-7.76555	4.91809	2.44529	-0.748863	-23.2693	-8.32031	-23.1	-7.84243	-3.86163	2.8637	2.56908
-23.2879	-7.57482	5.03596	2.40101	-0.75638	-23.4777	-7.56583	-23.2911	-7.69663	-3.78118	2.967	2.15412e-314
-23.4938	-7.4379	5.07381	2.42959	-0.548339	-23.473	-7.02103	-23.4781	-7.54572	-3.69792	3.06828	2.55306
-23.6522	-7.31233	4.95246	2.41484	-0.533752	-23.5408	-7.36069	-23.6609	-7.3898	-3.61191	3.16746	2.15412e-314
-23.848	-7.14174	5.00098	2.40029	-0.486841	-24.0505	-6.56968	-23.8393	-7.22897	-3.52321	3.26445	0.841012
-23.9971	-7.08715	4.74582	2.41869	-0.427641	-23.9384	-7.26171	-24.0132	-7.06336	-3.43189	3.35916	2.15412e-314
-24.165	-6.90131	4.75779	2.37213	-0.496379	-24.3577	-5.94086	-24.1825	-6.89307	-3.33801	3.45149	1.97169
-24.3355	-6.62216	4.96197	2.29934	-0.570049	-24.2574	-6.4352	-24.347	-6.71823	-3.24166	3.54138	2.15412e-314
-24.5039	-6.44203	4.93929	2.26073	-0.624523	-24.788	-7.18367	-24.5066	-6.53896	-3.14289	3.62873	3.46058
-24.587	-6.33868	4.67372	2.24665	-0.60095	-24.3008	-6.43799	-24.6612	-6.35538	-3.0418	3.71347	2.15412e-314
-24.7282	-6.1539	4.67978	2.22161	-0.578583	-24.6108	-6.00878	-24.8107	-6.16764	-2.93846	3.79553	0.311178
-24.9163	-5.93545	4.80391	2.19571	-0.572931	-25.146	-5.91902	-24.955	-5.97587	-2.83295	3.87484	2.15412e-314
-25.0487	-5.72732	4.82959	2.16856	-0.551315	-24.8975	-5.02285	-25.094	-5.7802	-2.72537	3.95132	1.8059
-25.1786	-5.57035	4.73598	2.15584	-0.530593	-25.1941	-5.64372	-25.2276	-5.58079	-2.61581	4.02492	2.15412e-314
-25.3329	-5.38587	4.76104	2.16379	-0.424594	-25.5328	-5.4399	-25.3556	-5.37777	-2.50435	4.09557	1.05645
-25.4848	-5.15066	4.86201	2.13728	-0.431746	-25.5713	-5.10241	-25.4779	-5.1713	-2.39109	4.16322	2.15412e-314
-25.6127	-4.98123	4.80456	2.14583	-0.339449	-25.0178	-6.55904	-25.5946	-4.96152	-2.27613	4.22781	5.64742
-25.729	-4.82671	4.68973	2.14038	-0.322652	-25.6952	-4.89995	-25.7055	-4.7486	-2.15956	4.2893	2.15412e-314
-25.8462	-4.62206	4.6882	2.1146	-0.35085	-25.8162	-4.40681	-25.8105	-4.53268	-2.04149	4.34764	0.160931
-25.9677	-4.36168	4.81599	2.07899	-0.378613	-25.9516	-4.26659	-25.9096	-4.31392	-1.92202	4.40279	2.15412e-314
-26.0738	-4.13468	4.78523	1.99855	-0.614255	-26.8953	-4.43966	-26.0027	-4.0925	-1.80125	4.45471	11.5338
-26.167	-3.82521	4.98056	1.94006	-0.65507	-26.1198	-3.67723	-26.0897	-3.86856	-1.67928	4.50337	2.15412e-314
-26.2433	-3.57945	4.98995	1.87095	-0.787929	-26.5652	-3.85723	-26.1706	-3.64227	-1.55623	4.54875	2.38913
-26.2622	-3.31132	5.01508	1.80662	-0.821778	-25.9974	-3.24722	-26.2453	-3.41381	-1.4322	4.59081	2.15412e-314
-26.317	-3.0675	5.01406	1.76935	-0.807806	-26.2976	-3.01078	-26.3138	-3.18332	-1.30729	4.62954	0.0220149
-26.3295	-2.84585	4.93538	1.72102	-0.822177	-26.1741	-2.87885	-26.376	-2.95098	-1.18162	4.66493	2.15412e-314
-26.3926	-2.62775	4.88338	1.72327	-0.685486	-26.4681	-3.44967	-26.4319	-2.71697	-1.05529	4.69696	2.30545
-26.4599	-2.51187	4.60527	1.71626	-0.663754	-26.674	-2.73852	-26.4815	-2.48143	-0.928411	4.72562	2.15412e-314
-26.5184	-2.2789	4.63022	1.72036	-0.535806	-26.657	-1.72382	-26.5247	-2.24456	-0.80109	4.75091	1.4878
-26.5672	-2.09372	4.53358	1.70465	-0.523563	-26.6691	-2.17333	-26.5616	-2.0065	-0.673434	4.77284	2.15412e-314
-26.5988	-1.8604	4.55655	1.69885	-0.439841	-26.3248	-1.32261	-26.5921	-1.76744	-0.545553	4.79141	1.91266
-26.6009	-1.59835	4.63336	1.66356	-0.457723	-26.4671	-1.53207	-26.6161	-1.52753	-0.417552	4.80664	2.15412e-314
-26.5947	-1.37963	4.59792	1.60667	-0.573085	-26.4998	-2.19526	-26.6338	-1.28695	-0.289538	4.81852	1.75224
-26.5997	-1.14732	4.60458	1.57788	-0.573226	-26.5998	-1.14277	-26.6451	-1.04586	-0.161616	4.8271	2.15412e-314
-26.6295	-0.931199	4.57602	1.56818	-0.534914	-27.2008	-1.67679	-26.65	-0.804425	-0.0338883	4.83238	5.11415
-26.6443	-0.661735	4.679	1.54805	-0.523919	-26.7355	-0.59539	-26.6485	-0.562811	0.0935412	4.83439	2.15412e-314
-26.6302	-0.41929	4.70915	1.4956	-0.62619	-26.9891	0.0351487	-26.6406	-0.321181	0.220572	4.83317	2.34817
-26.5845	-0.0932814	4.93055	1.45332	-0.636654	-26.4553	0.0602653	-26.6264	-0.0796947	0.347104	4.82874	2.15412e-314
-26.5662	0.15095	4.93412	1.42424	-0.643288	-26.9537	0.136943	-26.6059	0.161489	0.473041	4.82116	2.74084
-26.5415	0.462938	5.10035	1.40089	-0.626433	-26.6201	0.57588	-26.5792	0.402213	0.598287	4.81045	2.15412e-314
-26.531	0.708856	5.06828	1.40797	-0.506677	-26.8241	0.381506	-26.5462	0.642323	0.722748	4.79667	1.82462
-26.5261	0.996143	5.15603	1.40088	-0.480471	-26.7293	1.06082	-26.5069	0.881666	0.846334	4.77986	2.15412e-314
-26.4853	1.27692	5.20755	1.40811	-0.355752	-25.9562	2.60409	-26.4616	1.12009	0.968955	4.76007	5.93679
-26.4349	1.49162	5.10811	1.38485	-0.364583	-26.3986	1.42212	-26.4101	1.35745	1.09053	4.73737	2.15412e-314
-26.3922	1.70357	5.01216	1.36799	-0.358712	-26.5072	-0.563928	-26.3526	1.59361	1.21096	4.71181	8.36001
-26.3448	1.88974	4.8696	1.34739	-0.363309	-26.3594	1.79315	-26.2891	1.82841	1.33018	4.68345	2.15412e-314
-26.2731	2.11818	4.86792	1.30249	-0.459175	-26.3475	1.82827	-26.2197	2.06173	1.44811	4.65235	0.662577
-26.2162	2.28842	4.71213	1.27735	-0.463667	-26.2502	2.18481	-26.1444	2.29342	1.56467	4.61859	2.15412e-314
-26.1526	2.5095	4.68905	1.26873	-0.408006	-26.069	2.27896	-26.0633	2.52336	1.67979	4.58223	0.384483
-26.0766	2.76072	4.75823	1.25028	-0.403825	-26.0641	2.80701	-25.9765	2.75141	1.79339	4.54334	2.15412e-314
-25.9789	2.97931	4.78834	1.18104	-0.585691	-26.3234	3.02388	-25.8841	2.97746	1.90543	4.502	3.1446
-25.8712	3.28316	4.9936	1.15932	-0.57016	-25.8345	3.42005	-25.7861	3.20139	2.01582	4.45828	2.15412e-314
-25.7891	3.51653	4.99409	1.14229	-0.548181	-26.1824	3.73376	-25.6826	3.42306	2.12452	4.41227	2.09568
-25.6829	3.70232	4.90145	1.10743	-0.561662	-25.6666	3.63509	-25.5737	3.64239	2.23146	4.36404	2.15412e-314
-25.568	3.90506	4.86895	1.07511	-0.569187	-25.5773	3.13316	-25.4596	3.85924	2.3366	4.31367	1.10399
-25.503	4.06413	4.70984	1.0547	-0.564283	-25.7492	3.99968	-25.3402	4.07353	2.43989	4.26125	2.15412e-314
-25.3826	4.25765	4.68629	1.02542	-0.561133	-25.3516	3.75691	-25.2157	4.28514	2.54127	4.20686	0.552385
-25.2168	4.49105	4.79775	0.99088	-0.565744	-25.0214	4.52803	-25.0863	4.49399	2.64071	4.15058	2.15412e-314
-25.0685	4.68493	4.75555	0.980211	-0.47145	-24.2719	4.30917	-24.9518	4.69998	2.73817	4.09251	9.0804
-24.9512	4.87877	4.73644	0.962134	-0.46446	-25.0363	4.88499	-24.8126	4.90303	2.83361	4.03273	2.15412e-314
-24.7952	5.06612	4.74065	0.93146	-0.47201	-24.3609	4.95947	-24.6686	5.10304	2.92701	3.97132	2.31619
-24.6233	5.29757	4.8609	0.911218	-0.46264	-24.5041	5.35293	-24.5201	5.29995	3.01833	3.90839	2.15412e-314
-24.4507	5.47121	4.88878	0.852863	-0.575243	-24.4379	5.24592	-24.367	5.49367	3.10754	3.84401	0.786723
-24.2604	5.64475	4.90077	0.812304	-0.591236	-24.1159	5.61152	-24.2095	5.68414	3.19464	3.77827	2.15412e-314
-24.0982	5.79792	4.86228	0.770618	-0.631029	-24.5638	4.75836	-24.0477	5.8713	3.27959	3.71127	2.96423
-23.9217	5.95696	4.8471	0.736211	-0.635844	-23.9153	5.94377	-23.8818	6.05508	3.36239	3.64309	2.15412e-314
-23.7813	6.14556	4.71248	0.778818	-0.383984	-23.5491	6.44495	-23.7117	6.23542	3.44302	3.57383	4.51157
-23.6195	6.30077	4.68731	0.758047	-0.387646	-23.6471	6.29102	-23.5377	6.41227	3.52148	3.50357	2.15412e-314
-23.4701	6.47229	4.65936	0.760803	-0.32628	-23.7544	6.53746	-23.3598	6.58559	3.59775	3.4324	1.17708
-23.2387	6.73454	4.93445	0.769679	-0.278447	-23.0099	6.86182	-23.1781	6.75533	3.67185	3.36041	2.15412e-314
-23.0407	6.87018	4.89997	0.731896	-0.323343	-22.7862	5.74143	-22.9928	6.92146	3.74376	3.28768	5.58369
-22.8282	7.05294	4.97815	0.715896	-0.321022	-22.6991	7.063	-22.804	7.08393	3.8135	3.21431	2.15412e-314
-22.6121	7.18629	5.0061	0.660574	-0.432429	-22.418	6.76159	-22.6117	7.24273	3.88106	3.14038	1.9936
-22.4319	7.32352	4.95366	0.637721	-0.435743	-22.5083	7.31524	-22.4161	7.39782	3.94647	3.06598	2.15412e-314
-22.1975	7.45535	5.07445	0.566595	-0.604397	-22.0543	7.85452	-22.2173	7.54917	4.00974	2.99118	2.28721
-22.0138	7.61444	5.07289	0.554862	-0.57807	-22.1947	7.69478	-22.0154	7.69679	4.07087	2.91607	2.15412e-314
-21.8274	7.79975	5.02205	0.589532	-0.39255	-21.6178	9.0351	-21.8105	7.84064	4.12989	2.84074	5.68844
-21.6233	7.93648	5.0126	0.570509	-0.392094	-21.6473	7.94	-21.6026	7.98072	4.18681	2.76526	2.15412e-314
-21.4322	8.0714	4.96952	0.561442	-0.362617	-21.8637	7.78661	-21.392	8.11703	4.24166	2.68971	1.52132
-21.2228	8.07165	4.75272	0.482429	-0.461272	-21.0853	7.83229	-21.1787	8.24957	4.29447	2.61417	2.15412e-314
-21.0306	8.2299	4.68676	0.520486	-0.276892	-20.5503	9.28616	-20.9628	8.37833	4.34526	2.53871	5.08315
-20.857	8.39123	4.71189	0.535337	-0.231404	-21.0519	8.50983	-20.7444	8.50333	4.39406	2.46341	2.15412e-314
-20.6105	8.49792	4.85176	0.474633	-0.393031	-19.9265	9.40847	-20.5237	8.62457	4.4409	2.38835	5.34555
-20.353	8.65206	4.98885	0.470275	-0.365512	-20.21	8.68914	-20.3006	8.74206	4.48582	2.31358	2.15412e-314
-20.1524	8.79057	4.92129	0.494936	-0.234989	-20.2277	8.8532	-20.0753	8.85583	4.52884	2.23919	1.07759
-19.9637	8.88152	4.83783	0.475174	-0.249586	-20.0633	8.86724	-19.848	8.96589	4.57001	2.16524	2.15412e-314
-19.7636	8.99954	4.78732	0.483363	-0.182618	-19.9264	8.78179	-19.6186	9.07227	4.60937	2.09179	0.506761
-19.5511	9.06267	4.7179	0.450156	-0.220192	-19.4861	8.96665	-19.3873	9.17499	4.64694	2.01891	2.15412e-314
-19.3032	9.17465	4.85255	0.419035	-0.300086	-18.5719	10.2069	-19.1542	9.27409	4.68278	1.94666	4.96293
-19.0085	9.278	4.98782	0.396269	-0.307713	-18.6786	9.19191	-18.9193	9.36959	4.71692	1.8751	2.15412e-314
-18.7921	9.35838	4.96148	0.369218	-0.342848	-19.2825	8.98189	-18.6827	9.46154	4.7494	1.80429	1.7197
-18.531	9.46703	5.04269	0.359088	-0.329419	-18.4242	9.46852	-18.4446	9.54996	4.78028	1.73429	2.15412e-314
-18.2653	9.49123	5.11059	0.273976	-0.51876	-18.1634	8.72444	-18.2049	9.63492	4.80959	1.66514	5.1585
-17.9516	9.64225	5.34287	0.285913	-0.452313	-17.7736	9.72478	-17.9639	9.71643	4.83737	1.59691	2.15412e-314
-17.6988	9.75448	5.27759	0.316069	-0.285173	-17.2296	9.97767	-17.7214	9.79457	4.86368	1.52964	3.17076
-17.4215	9.86255	5.36002	0.314192	-0.262904	-17.3436	9.88109	-17.4777	9.86936	4.88856	1.46338	2.15412e-314
-17.1659	9.94968	5.37994	0.300182	-0.274137	-17.1554	10.212	-17.2328	9.94087	4.91205	1.39818	0.347965
-16.8926	10.0722	5.46437	0.307864	-0.239749	-16.8876	10.145	-16.9868	10.0091	4.93421	1.33408	2.15412e-314
-16.6299	10.1487	5.46977	0.290902	-0.253423	-16.5958	10.1078	-16.7396	10.0743	4.95507	1.27113	0.0399024
-16.3918	10.2397	5.44133	0.28643	-0.242221	-16.5153	10.3091	-16.4915	10.1362	4.97469	1.20937	2.15412e-314
-16.1269	10.317	5.47346	0.267432	-0.273243	-16.09	10.5824	-16.2424	10.1952	4.99311	1.14883	0.409892
-15.9172	10.3026	5.27083	0.215056	-0.335601	-16.006	10.1843	-15.9924	10.2511	5.01039	1.08956	2.15412e-314
-15.6691	10.3696	5.23072	0.215151	-0.281619	-15.7234	10.41	-15.7416	10.3041	5.02655	1.03159	0.256443
-15.4754	10.3272	5.00773	0.153962	-0.362296	-15.5699	10.1904	-15.4899	10.3543	5.04166	0.974957	2.15412e-314
-15.1711	10.359	5.22625	0.105355	-0.478791	-14.2385	10.9109	-15.2376	10.4016	5.05576	0.919692	7.27717
-14.9075	10.4112	5.25985	0.0960452	-0.453584	-14.9365	10.4722	-14.9846	10.4462	5.06889	0.865828	2.15412e-314
-14.6726	10.4428	5.05369	0.117577	-0.280438	-14.724	9.63507	-14.7309	10.4882	5.0811	0.813394	6.66692
-14.4483	10.3881	4.93158	0.0567957	-0.362065	-14.4088	10.222	-14.4766	10.5276	5.09243	0.762418	2.15412e-314
-14.1918	10.408	4.9494	0.0456281	-0.34355	-13.9005	10.5238	-14.2218	10.5645	5.10293	0.712926	0.591551
-13.8492	10.6105	5.28292	0.144072	-0.138329	-13.8049	10.9383	-13.9665	10.5989	5.11263	0.664944	2.15412e-314
-13.5833	10.6844	5.26516	0.178802	-0.0198003	-13.3956	10.7857	-13.7107	10.631	5.12159	0.618496	0.819682
-13.3532	10.6696	5.15638	0.143461	-0.0747922	-13.3556	10.5517	-13.4545	10.6608	5.12983	0.573603	2.15412e-314
-13.0881	10.69	5.2118	0.115205	-0.15329	-12.9374	10.8137	-13.1979	10.6884	5.13741	0.530288	0.560237
-12.8284	10.7962	5.27915	0.147688	-0.0919383	-12.9591	11.0099	-12.9409	10.7138	5.14436	0.48857	2.15412e-314
-12.554	10.8529	5.3278	0.151485	-0.0822874	-12.2518	11.2495	-12.6836	10.7373	5.15071	0.448467	1.0595
-12.3443	10.7968	5.13382	0.0976393	-0.158422	-12.3713	10.6091	-12.426	10.7587	5.15651	0.409997	2.15412e-314
-12.0853	10.8341	5.13074	0.103561	-0.117761	-11.9352	10.9161	-12.1681	10.7783	5.16179	0.373177	0.238987
-11.8381	10.9048	5.15201	0.120231	-0.0828273	-11.9451	11.0515	-11.91	10.7961	5.16658	0.338022	2.15412e-314
-11.5539	10.927	5.23162	0.103023	-0.126656	-10.9703	10.9676	-11.6516	10.8121	5.17092	0.304546	2.8171
-11.3383	10.9313	5.12026	0.0839989	-0.147834	-11.4548	10.9407	-11.393	10.8265	5.17484	0.272761	2.15412e-314
-11.0793	10.8521	5.24011	-0.0416695	-0.508038	-11.3472	10.5111	-11.1342	10.8394	5.17836	0.242681	8.00731
-10.7769	10.8198	5.31701	-0.0740634	-0.515734	-10.6009	10.6823	-10.8753	10.8509	5.18153	0.214317	2.15412e-314
-10.529	10.8157	5.22232	-0.0751239	-0.433038	-10.6563	10.8369	-10.6161	10.8609	5.18435	0.187679	0.761664
-10.3003	10.7994	5.15978	-0.097063	-0.436618	-10.4142	10.8747	-10.3569	10.8697	5.18687	0.162776	2.15412e-314
-10.0534	10.8606	4.96819	-0.0188225	-0.133429	-9.90413	11.2255	-10.0976	10.8772	5.1891	0.139618	7.01155
-9.78359	10.9229	5.04941	0.0139303	-0.0656366	-9.83445	11.1032	-9.83809	10.8837	5.19106	0.118212	2.15412e-314
-9.57051	10.8859	4.95511	-0.0199265	-0.127644	-10.195	10.3498	-9.57852	10.8891	5.19278	0.0985664	3.84347
-9.30099	10.9241	5.02688	-0.00140777	-0.0883756	-9.3066	11.0348	-9.31887	10.8936	5.19428	0.0806865	2.15412e-314
-9.06507	10.8946	4.97245	-0.0203869	-0.10558	-9.2226	10.3527	-9.05915	10.8972	5.19557	0.0645787	2.44685
-8.78878	10.9395	5.0619	0.00262455	-0.0621352	-8.78899	11.0707	-8.79937	10.9001	5.19667	0.050248	2.15412e-314
-8.56313	10.8836	4.98157	-0.0366698	-0.129105	-8.83914	10.0319	-8.53953	10.9023	5.19759	0.0376992	6.394
-8.42823	10.7876	4.68047	-0.0971185	-0.212027	-8.62045	10.6577	-8.27965	10.9039	5.19835	0.0269359	2.15412e-314
-8.18152	10.7972	4.68725	-0.0776302	-0.134516	-7.91543	11.1157	-8.01974	10.905	5.19896	0.0179617	1.43632
-7.79622	10.8799	5.07033	-0.0123918	-0.0116205	-7.51971	11.0005	-7.75979	10.9057	5.19942	0.0107791	2.15412e-314
-7.52831	10.8812	5.08517	0.00164538	0.0387112	-7.25987	10.6458	-7.49981	10.9061	5.19975	0.00539029	1.55162
-7.24596	10.8786	5.14781	0.00439888	0.0403717	-7.15631	10.815	-7.23983	10.9063	5.19994	0.00179692	2.15412e-314
-7.00784	10.9095	5.08108	0.0406578	0.146466	-7.39396	11.0181	-6.97983	10.9064	5.2	-7.84874e-15	2.11351
