px	py	v	yaw_angle	yaw_rate	px_measured	py_measured	px_true	py_true	vx_true	vy_true	NIS
0.1	0.1	0	0	0	0	0	0	0	0	0	2.3396e-314
0.349632	-0.359588	0	0	0	0	0	0	0	0	0	2.51128
1.52313	-0.12379	0.545231	3.72966e-17	2.08167e-17	1.55945	-0.138501	2.09897	0.0522228	2.19595	0.109339	2.3396e-314
1.62196	0.0179045	1.65267	-0.069622	-0.0361823	1.81209	0.0474826	2.09897	0.0522228	2.19595	0.109339	8.59793
3.74848	0.0142705	3.26542	-1.44884	0.255961	3.89093	-0.134166	4.29136	0.215312	2.28434	0.226323	2.3396e-314
3.83139	0.141783	3.36154	-0.593459	-0.154132	4.19528	0.218461	4.29136	0.215312	2.28434	0.226323	3.15218
6.88249	0.374583	2.65227	0.541961	1.08716	6.86352	0.416817	6.56942	0.496096	2.36382	0.348847	2.3396e-314
6.79863	0.40243	2.65151	0.475571	0.973572	6.43926	0.472879	6.56942	0.496096	2.36382	0.348847	2.13399
9.09397	0.677611	1.60025	0.326617	0.182942	9.07733	0.593211	8.92437	0.89924	2.43359	0.474526	2.3396e-314
9.11019	0.782729	2.27468	0.334879	0.19617	8.89749	0.886982	8.92437	0.89924	2.43359	0.474526	4.65159
11.5163	1.64752	2.83378	0.364658	0.0676172	11.5756	1.6669	11.3468	1.427	2.49328	0.600781	2.3396e-314
11.4886	1.61194	2.68777	0.366266	0.08638	11.4447	1.42958	11.3468	1.427	2.49328	0.600781	0.522022
13.617	2.32586	2.41156	0.331942	0.00228713	13.5921	2.31191	13.827	2.07905	2.5429	0.724947	2.3396e-314
13.638	2.29303	2.52893	0.300246	-0.0320505	13.6572	1.99915	13.827	2.07905	2.5429	0.724947	0.728499
16.5586	2.88507	3.35089	0.118872	-0.14992	16.6456	2.903	16.3554	2.85243	2.58284	0.844365	2.3396e-314
16.4726	2.86168	2.97415	0.112378	-0.164886	16.282	2.84648	16.3554	2.85243	2.58284	0.844365	1.65466
19.0236	3.69332	2.82892	0.361703	0.142958	19.0106	3.70555	18.923	3.74161	2.61382	0.95648	2.3396e-314
19.0673	3.7188	2.70643	0.39625	0.19509	19.363	3.87122	18.923	3.74161	2.61382	0.95648	1.60679
21.3291	4.73538	2.70108	0.481578	0.110551	21.3312	4.73205	21.5215	4.73855	2.63679	1.05891	2.3396e-314
21.3945	4.74521	2.86584	0.456008	0.0761665	21.6213	4.74762	21.5215	4.73855	2.63679	1.05891	0.865693
24.0554	5.57042	3.01153	0.215918	-0.169381	24.0787	5.56967	24.1437	5.83295	2.65286	1.14953	2.3396e-314
24.154	5.59982	3.1363	0.200368	-0.185038	24.5601	5.92334	24.1437	5.83295	2.65286	1.14953	3.06722
26.6347	6.9481	2.85991	0.560645	0.223157	26.6052	6.96102	26.7833	7.01246	2.6632	1.22647	2.3396e-314
26.638	6.93458	3.02381	0.522928	0.154244	26.5419	6.90075	26.7833	7.01246	2.6632	1.22647	0.439391
29.5432	8.07889	3.36087	0.27248	-0.179734	29.5864	8.08789	29.4352	8.26299	2.66893	1.28822	2.3396e-314
29.518	8.06798	3.16185	0.270707	-0.187238	29.4716	8.24519	29.4352	8.26299	2.66893	1.28822	0.39868
31.9652	9.86326	2.97422	0.757035	0.326413	31.9416	9.88017	32.0955	9.56901	2.67105	1.33358	2.3396e-314
31.9339	9.83468	3.02377	0.716466	0.258255	31.7928	9.49891	32.0955	9.56901	2.67105	1.33358	0.897438
34.6082	10.7329	2.64914	0.196967	-0.346154	34.6157	10.6988	34.7608	10.9139	2.67035	1.3617	2.3396e-314
34.7096	10.7805	2.94298	0.179831	-0.346956	35.0599	10.9953	34.7608	10.9139	2.67035	1.3617	2.71619
37.1633	12.0634	2.69185	0.541229	0.194045	37.1404	12.0883	37.4287	12.2803	2.66736	1.37209	2.3396e-314
37.2557	12.078	3.00902	0.52464	0.143882	37.4973	12.2943	37.4287	12.2803	2.66736	1.37209	1.90683
40.2633	13.441	3.62713	0.33065	-0.145302	40.3285	13.4666	40.0971	13.6505	2.66232	1.36459	2.3396e-314
40.1763	13.4041	3.20727	0.334352	-0.151602	39.9009	13.6243	40.0971	13.6505	2.66232	1.36459	1.99539
42.7768	14.8214	3.13713	0.529232	0.112659	42.7664	14.8294	42.7638	15.0065	2.65515	1.33938	2.3396e-314
42.7604	14.8148	3.17009	0.519573	0.0943105	42.5714	14.9817	42.7638	15.0065	2.65515	1.33938	0.250385
45.3369	16.5402	3.39561	0.632951	0.101847	45.3572	16.5524	45.4265	16.3307	2.64546	1.29701	2.3396e-314
45.37	16.5541	3.34251	0.642607	0.12875	45.649	16.5213	45.4265	16.3307	2.64546	1.29701	0.902424
48.1749	17.3216	2.83204	0.173876	-0.318508	48.1541	17.2835	48.0823	17.6063	2.6326	1.23832	2.3396e-314
48.1482	17.317	2.8197	0.184283	-0.306892	47.9331	17.5349	48.0823	17.6063	2.6326	1.23832	0.254439
50.6192	19.0353	2.78113	0.855457	0.458994	50.6228	19.0721	50.7276	18.8172	2.61569	1.16454	2.3396e-314
50.6257	18.9972	3.01991	0.767344	0.304178	50.5737	18.7834	50.7276	18.8172	2.61569	1.16454	0.986196
53.6899	19.9211	2.83662	0.00805615	-0.543367	53.7268	19.8982	53.3577	19.9486	2.59372	1.07716	2.3396e-314
53.66	19.9193	2.86904	0.0340395	-0.505135	53.5277	19.862	53.3577	19.9486	2.59372	1.07716	0.310787
56.0711	21.0443	2.24474	0.492593	0.226372	56.0322	21.0923	55.9669	20.9874	2.56561	0.978022	2.3396e-314
56.0686	21.0099	2.5473	0.446931	0.148288	55.867	20.985	55.9669	20.9874	2.56561	0.978022	1.39511
58.6225	21.7782	2.88266	0.209361	-0.162401	58.6632	21.7821	58.5484	21.9225	2.53033	0.869205	2.3396e-314
58.628	21.7819	2.8974	0.210279	-0.160966	58.5799	21.9815	58.5484	21.9225	2.53033	0.869205	0.0212258
60.9013	22.7806	2.60284	0.424043	0.110603	60.8722	22.7876	61.0941	22.7449	2.48697	0.753031	2.3396e-314
60.8836	22.7685	2.66486	0.410711	0.0920593	60.7648	22.6398	61.0941	22.7449	2.48697	0.753031	0.380851
63.3662	23.4113	2.77243	0.193707	-0.144692	63.3821	23.4069	63.5955	23.4479	2.43482	0.631987	2.3396e-314
63.4286	23.4253	2.70231	0.166573	-0.189003	63.7478	23.7442	63.5955	23.4479	2.43482	0.631987	2.36595
66.286	23.9803	3.21631	0.225385	0.0174027	66.3403	23.9959	66.0431	24.0276	2.37349	0.508655	2.3396e-314
66.159	23.9379	2.61537	0.181483	-0.0459823	65.8838	23.9541	66.0431	24.0276	2.37349	0.508655	3.92128
68.2887	24.3621	2.35244	0.186525	-0.0117266	68.262	24.3582	68.4273	24.4824	2.30293	0.385623	2.3396e-314
68.3736	24.3939	2.52705	0.206306	0.0109858	68.6759	24.6059	68.4273	24.4824	2.30293	0.385623	1.87273
70.8049	24.8783	2.74681	0.214994	0.0122001	70.8275	24.8844	70.7384	24.8137	2.22347	0.265395	2.3396e-314
70.751	24.8554	2.44002	0.192269	-0.0267358	70.7403	24.6728	70.7384	24.8137	2.22347	0.265395	0.903614
72.9094	24.7295	2.27899	-0.157375	-0.269559	72.8923	24.7135	72.9675	25.025	2.13584	0.150292	2.3396e-314
72.9561	24.7496	2.3696	-0.139949	-0.246087	73.0732	25.0343	72.9675	25.025	2.13584	0.150292	0.60885
75.0147	25.2275	2.01365	0.314735	0.270292	75.0021	25.2595	75.1062	25.1224	2.04114	0.0423626	2.3396e-314
75.0069	25.2214	2.03781	0.308538	0.263914	74.9748	25.1377	75.1062	25.1224	2.04114	0.0423626	0.0518615
77.1151	24.9664	1.97216	-0.271605	-0.359294	77.1225	24.9297	77.1475	25.1137	1.9408	-0.0566978	2.3396e-314
77.1355	24.9724	1.99143	-0.276813	-0.367122	77.1386	25.2948	77.1475	25.1137	1.9408	-0.0566978	0.156804
79.088	25.0039	1.89241	0.108665	0.197088	79.1089	25.0369	79.0861	25.0086	1.83649	-0.145607	2.3396e-314
79.094	25.01	1.84896	0.112428	0.199203	79.1718	24.9698	79.0861	25.0086	1.83649	-0.145607	0.0710874
80.8106	24.8873	1.82044	-0.0624556	-0.0706199	80.8074	24.8688	80.9183	24.8178	1.73008	-0.223536	2.3396e-314
80.8496	24.8895	1.74182	-0.0888771	-0.120558	81.1423	24.8704	80.9183	24.8178	1.73008	-0.223536	1.11946
82.599	24.6382	1.96542	-0.164889	-0.0787864	82.6216	24.6393	82.6423	24.5525	1.6235	-0.29012	2.3396e-314
82.5725	24.6244	1.80135	-0.213938	-0.148851	82.5085	24.8114	82.6423	24.5525	1.6235	-0.29012	0.308641
84.1706	24.5347	1.71701	-0.0143182	0.0982181	84.1733	24.5504	84.2584	24.2245	1.51869	-0.345444	2.3396e-314
84.1725	24.537	1.65782	-0.0199655	0.0866721	84.2898	24.3312	84.2584	24.2245	1.51869	-0.345444	0.0852637
85.6491	23.8393	1.615	-0.57485	-0.367053	85.6378	23.808	85.7688	23.8451	1.41749	-0.390006	2.3396e-314
85.7097	23.8709	1.75929	-0.50594	-0.275519	85.9743	23.7547	85.7688	23.8451	1.41749	-0.390006	0.918338
86.958	23.4941	1.31583	-0.357703	0.00985614	86.9449	23.527	87.1776	23.4252	1.32159	-0.424654	2.3396e-314
87.0688	23.5284	1.3721	-0.278933	0.0696797	87.6171	23.5127	87.1776	23.4252	1.32159	-0.424654	3.72711
88.7672	22.8084	2.05012	-0.460652	-0.0982871	88.8227	22.7869	88.4904	22.9745	1.23248	-0.450514	2.3396e-314
88.6966	22.7751	1.88568	-0.57302	-0.233588	88.4191	22.9498	88.4904	22.9745	1.23248	-0.450514	1.07382
89.56	22.2657	1.02081	-0.673784	-0.20407	89.4967	22.3082	89.7145	22.5017	1.15138	-0.468904	2.3396e-314
89.6251	22.28	1.15655	-0.600025	-0.117408	89.7821	22.4826	89.7145	22.5017	1.15138	-0.468904	0.834646
90.5049	21.6635	1.18328	-0.609669	-0.0387614	90.5133	21.6677	90.858	22.0141	1.07929	-0.481241	2.3396e-314
90.5947	21.6874	1.31053	-0.485314	0.0780834	90.8419	22.0974	90.858	22.0141	1.07929	-0.481241	1.78509
91.7086	21.1166	1.40666	-0.383566	0.0970629	91.7178	21.1152	91.9302	21.5174	1.01698	-0.488964	2.3396e-314
91.7574	21.1279	1.29473	-0.406507	0.0293492	92.0492	21.5289	91.9302	21.5174	1.01698	-0.488964	2.08955
92.8552	20.9367	1.21364	-0.0558155	0.245234	92.8599	20.9537	92.9411	21.016	0.964993	-0.493443	2.3396e-314
92.9154	20.9616	1.08362	-0.0290537	0.244997	93.3186	21.0712	92.9411	21.016	0.964993	-0.493443	2.54514
93.5187	20.2788	0.59257	-0.710293	-0.35929	93.4668	20.2155	93.9011	20.513	0.92369	-0.495919	2.3396e-314
93.5942	20.3246	0.9153	-0.582642	-0.202006	93.7423	20.5071	93.9011	20.513	0.92369	-0.495919	1.87712
95.2026	19.6728	1.98199	-0.038167	0.332648	95.3229	19.6585	94.8209	20.01	0.893308	-0.497439	2.3396e-314
95.0093	19.6632	1.31889	-0.359832	0.0576938	94.494	19.8854	94.8209	20.01	0.893308	-0.497439	7.24764
95.5771	19.6662	0.549828	-0.0361989	0.214719	95.5039	19.6984	95.7116	19.5078	0.87398	-0.498816	2.3396e-314
95.6007	19.6589	0.722663	-0.0250938	0.232051	95.6097	19.5804	95.7116	19.5078	0.87398	-0.498816	0.277049
96.2618	19.2251	0.712346	-0.623649	-0.301673	96.2641	19.1597	96.5842	19.0065	0.865773	-0.500589	2.3396e-314
96.316	19.2544	0.898888	-0.519343	-0.192997	96.559	18.8688	96.5842	19.0065	0.865773	-0.500589	0.792013
97.4598	18.7368	1.50446	-0.318799	0.0763584	97.5286	18.727	97.45	18.506	0.868716	-0.503009	2.3396e-314
97.4223	18.7268	1.30339	-0.445165	-0.0487714	97.5333	18.1735	97.45	18.506	0.868716	-0.503009	0.556903
98.2352	18.3601	1.00793	-0.388519	0.00705432	98.2105	18.3739	98.3198	18.0049	0.882805	-0.506023	2.3396e-314
98.2519	18.3651	0.973181	-0.389851	-0.00588752	98.4162	18.1556	98.3198	18.0049	0.882805	-0.506023	0.22794
99.0351	17.4072	1.28196	-1.1618	-0.504139	99.0363	17.357	99.2049	17.503	0.908006	-0.509278	2.3396e-314
99.0565	17.4779	1.35679	-0.832172	-0.11964	98.9782	17.2949	99.2049	17.503	0.908006	-0.509278	1.69129
99.9821	16.9557	1.07124	-0.500849	0.191903	99.9969	16.9882	100.117	17.0001	0.944242	-0.512134	2.3396e-314
100.059	16.9718	1.07678	-0.436538	0.231575	100.441	16.9521	100.117	17.0001	0.944242	-0.512134	1.86638
101.177	16.5429	1.36833	-0.216454	0.225189	101.204	16.5368	101.065	16.497	0.991362	-0.513687	2.3396e-314
101.147	16.5371	1.17072	-0.276354	0.14702	101.169	16.4353	101.065	16.497	0.991362	-0.513687	0.415372
102.36	16.3931	1.40725	0.0459254	0.263478	102.387	16.3992	102.063	15.9949	1.04911	-0.512803	2.3396e-314
102.271	16.3834	1.13562	0.00153634	0.22106	102.081	15.8359	102.063	15.9949	1.04911	-0.512803	1.59821
103.042	15.4252	0.734552	-1.0609	-0.598973	103.003	15.353	103.119	15.4967	1.11708	-0.508169	2.3396e-314
103.012	15.5143	0.973019	-0.730812	-0.181154	102.776	15.1195	103.119	15.4967	1.11708	-0.508169	5.13754
104.059	15.236	1.05761	-0.0596955	0.392078	104.114	15.2708	104.244	15.0064	1.19469	-0.498349	2.3396e-314
104.033	15.2181	1.1717	-0.0870269	0.374731	103.905	14.7607	104.244	15.0064	1.19469	-0.498349	0.648315
105.492	14.4851	1.66948	-0.779296	-0.303364	105.541	14.4412	105.447	14.5293	1.28111	-0.481861	2.3396e-314
105.455	14.5038	1.69133	-0.696752	-0.194374	105.316	14.0026	105.447	14.5293	1.28111	-0.481861	0.701507
106.813	14.0178	1.42906	-0.277852	0.233252	106.831	14.0482	106.737	14.0724	1.37529	-0.457255	2.3396e-314
106.764	14.0024	1.49127	-0.306198	0.219331	106.439	14.2401	106.737	14.0724	1.37529	-0.457255	1.19151
108.081	13.6627	1.5269	-0.125112	0.192509	108.084	13.6604	108.122	13.644	1.47592	-0.423202	2.3396e-314
108.094	13.6644	1.568	-0.117314	0.202145	108.131	13.6844	108.122	13.644	1.47592	-0.423202	0.0344165
109.529	13.5726	1.62653	0.0493301	0.178653	109.534	13.5714	109.606	13.2536	1.58144	-0.378583	2.3396e-314
109.488	13.5669	1.53201	0.0410889	0.170034	109.388	13.1556	109.606	13.2536	1.58144	-0.378583	0.372721
111.055	12.6287	1.58641	-0.869076	-0.565567	111.063	12.5814	111.196	12.9118	1.69008	-0.322574	2.3396e-314
111.151	12.7194	1.93641	-0.617081	-0.210593	111.426	12.9557	111.196	12.9118	1.69008	-0.322574	3.59427
112.894	12.4492	1.61518	-0.0252746	0.373622	112.913	12.4877	112.893	12.6299	1.7999	-0.254723	2.3396e-314
112.897	12.438	1.7388	-0.0268275	0.372228	112.797	12.8241	112.893	12.6299	1.7999	-0.254723	0.200559
114.764	12.5497	2.09942	0.203831	0.26089	114.801	12.5506	114.699	12.4195	1.90891	-0.175007	2.3396e-314
114.768	12.5522	1.96381	0.211457	0.265343	114.916	12.3187	114.699	12.4195	1.90891	-0.175007	0.395602
116.688	12.1354	1.82319	-0.317688	-0.285958	116.687	12.1035	116.611	12.2921	2.01507	-0.0838683	2.3396e-314
116.744	12.1719	2.12819	-0.254605	-0.177906	116.871	12.0659	116.611	12.2921	2.01507	-0.0838683	1.07128
118.92	11.9915	2.35183	0.0100519	0.158125	118.953	12.0009	118.628	12.2586	2.11648	0.0177712	2.3396e-314
118.903	11.995	2.24025	0.00515035	0.153019	118.85	12.4063	118.628	12.2586	2.11648	0.0177712	0.123467
120.717	12.2901	2.02171	0.272974	0.238284	120.695	12.2918	120.743	12.3289	2.21139	0.128528	2.3396e-314
120.766	12.2912	2.16867	0.265204	0.226007	120.934	12.1905	120.743	12.3289	2.21139	0.128528	0.487444
123.467	12.8069	3.10172	0.116123	-0.0767303	123.568	12.8297	122.95	12.5114	2.29835	0.246599	2.3396e-314
123.36	12.7807	2.61632	0.128013	-0.0734564	123.142	12.7694	122.95	12.5114	2.29835	0.246599	2.58641
124.983	12.7878	1.74293	-0.0675163	-0.172889	124.894	12.7743	125.242	12.8125	2.37624	0.369827	2.3396e-314
125.114	12.8145	2.34244	-0.038677	-0.124873	125.376	12.9964	125.242	12.8125	2.37624	0.369827	3.96326
127.794	13.3113	2.88348	0.37568	0.289522	127.853	13.3273	127.609	13.2365	2.44434	0.495787	2.3396e-314
127.73	13.3115	2.74197	0.382932	0.308945	127.506	13.153	127.609	13.2365	2.44434	0.495787	0.894702
129.974	13.7273	2.31001	0.238603	-0.00754776	129.947	13.6963	130.042	13.7853	2.50232	0.621879	2.3396e-314
130.045	13.7343	2.4286	0.21615	-0.029811	130.334	13.781	130.042	13.7853	2.50232	0.621879	1.2214
132.1	14.5004	2.38004	0.398491	0.13005	132.092	14.507	132.53	14.458	2.55028	0.74543	2.3396e-314
132.181	14.5011	2.63095	0.363181	0.0723588	132.447	14.3423	132.53	14.458	2.55028	0.74543	1.30631
135.011	15.0393	3.16111	0.0553316	-0.230495	135.074	15.0475	135.066	15.2513	2.58865	0.863795	2.3396e-314
134.988	15.0167	2.83653	0.0346005	-0.266573	135.127	14.6575	135.066	15.2513	2.58865	0.863795	1.15687
137.571	16.1868	2.68778	0.591949	0.347171	137.561	16.2147	137.639	16.1592	2.61821	0.974442	2.3396e-314
137.62	16.1582	2.9965	0.514888	0.200523	137.653	16.5145	137.639	16.1592	2.61821	0.974442	1.05262
140.318	17.0209	2.93622	0.230337	-0.181714	140.331	17.008	140.242	17.1733	2.63994	1.07503	2.3396e-314
140.326	17.0216	2.93448	0.227835	-0.184108	140.305	17.5379	140.242	17.1733	2.63994	1.07503	0.0388796
142.893	17.9813	2.92547	0.368003	0.0647438	142.888	17.9918	142.868	18.2829	2.65497	1.16346	2.3396e-314
142.855	17.9742	2.92768	0.357396	0.0460264	142.626	18.1458	142.868	18.2829	2.65497	1.16346	0.575164
145.383	19.1557	3.03983	0.478319	0.100408	145.392	19.1617	145.51	19.4754	2.66445	1.23795	2.3396e-314
145.46	19.1647	3.1315	0.466667	0.0892287	145.789	19.3785	145.51	19.4754	2.66445	1.23795	1.70263
148.226	20.469	3.3441	0.417163	-0.0280721	148.251	20.4754	148.163	20.7364	2.66951	1.29702	2.3396e-314
148.19	20.4658	3.10482	0.457442	0.0474946	148.146	20.9376	148.163	20.7364	2.66951	1.29702	0.622905
150.678	22.106	3.23022	0.64077	0.149346	150.686	22.1142	150.825	22.0502	2.67111	1.33953	2.3396e-314
150.681	22.1006	3.30892	0.612294	0.0931315	150.649	21.8148	150.825	22.0502	2.67111	1.33953	0.175596
153.413	23.4981	3.25212	0.400841	-0.149503	153.422	23.4909	153.491	23.3999	2.66999	1.3647	2.3396e-314
153.384	23.4887	3.06308	0.424493	-0.104095	153.466	22.9115	153.491	23.3999	2.66999	1.3647	0.368656
156.034	24.8004	3.21363	0.437326	-0.0147614	156.047	24.8084	156.159	24.7682	2.66666	1.37208	2.3396e-314
156.005	24.803	2.98331	0.480645	0.0676243	156.009	25.0678	156.159	24.7682	2.66666	1.37208	0.594597
158.858	26.0169	3.40534	0.330695	-0.117226	158.905	26.0308	158.827	26.1372	2.66127	1.36157	2.3396e-314
158.865	26.0145	3.23817	0.342793	-0.0873322	159.014	26.1903	158.827	26.1372	2.66127	1.36157	0.727547
161.43	27.4221	3.10717	0.53366	0.127093	161.412	27.4256	161.493	27.4891	2.65371	1.33344	2.3396e-314
161.447	27.4305	3.04707	0.554959	0.16931	161.529	27.8454	161.493	27.4891	2.65371	1.33344	0.374526
163.646	28.786	2.75658	0.603234	0.0881345	163.625	28.7683	164.155	28.8064	2.64354	1.28825	2.3396e-314
163.763	28.8024	2.97884	0.54708	0.01242	164.116	29.315	164.155	28.8064	2.64354	1.28825	2.952
166.757	30.1824	3.63552	0.29299	-0.221396	166.828	30.2062	166.809	30.0721	2.63006	1.22694	2.3396e-314
166.685	30.1564	3.14752	0.329954	-0.15273	166.748	29.7121	166.809	30.0721	2.63006	1.22694	2.23089
169.129	31.3706	2.8816	0.447281	0.0529325	169.097	31.3717	169.452	31.2706	2.61238	1.15075	2.3396e-314
169.147	31.3727	2.91787	0.444273	0.0478202	169.345	30.7063	169.452	31.2706	2.61238	1.15075	0.0984882
172.118	32.3268	3.42727	0.197885	-0.197005	172.175	32.3404	172.079	32.3873	2.58945	1.06126	2.3396e-314
172.091	32.3075	3.07624	0.192178	-0.205309	172.135	32.6666	172.079	32.3873	2.58945	1.06126	1.35295
174.661	33.4494	2.91519	0.458704	0.150568	174.643	33.4625	174.685	33.4095	2.56021	0.960341	2.3396e-314
174.635	33.4497	2.8192	0.470179	0.173654	174.474	33.9157	174.685	33.4095	2.56021	0.960341	0.145981
177.035	34.2184	2.64579	0.286539	-0.0976916	177.03	34.2009	177.261	34.3262	2.52363	0.850119	2.3396e-314
177.047	34.2175	2.60382	0.28282	-0.100463	177.211	33.8467	177.261	34.3262	2.52363	0.850119	0.139748
180.05	35.1158	3.54023	0.311045	0.00192263	180.145	35.1423	179.799	35.1289	2.47883	0.732949	2.3396e-314
179.907	35.1019	2.89957	0.37201	0.109827	179.543	35.4767	179.799	35.1289	2.47883	0.732949	4.54979
182.585	35.7566	2.98955	0.194672	-0.108395	182.599	35.753	182.292	35.8114	2.42515	0.611338	2.3396e-314
182.479	35.7291	2.63788	0.203864	-0.104119	182.047	36.2626	182.292	35.8114	2.42515	0.611338	2.31212
184.739	36.5075	2.58314	0.35692	0.0896996	184.732	36.5155	184.73	36.37	2.36226	0.487877	2.3396e-314
184.72	36.5106	2.3953	0.378817	0.127869	184.833	36.1451	184.73	36.37	2.36226	0.487877	0.362841
186.937	36.9515	2.40823	0.141851	-0.146973	186.946	36.9404	187.103	36.804	2.29017	0.365145	2.3396e-314
186.998	36.9614	2.47295	0.129276	-0.159302	187.296	36.9375	187.103	36.804	2.29017	0.365145	1.11368
189.438	37.3953	2.73425	0.186013	0.00667951	189.465	37.4052	189.401	37.1147	2.20928	0.245623	2.3396e-314
189.439	37.4004	2.45026	0.198184	0.024555	189.738	36.951	189.401	37.1147	2.20928	0.245623	1.38136
191.729	37.5686	2.50496	0.0282462	-0.119784	191.735	37.5631	191.615	37.3064	2.12037	0.131591	2.3396e-314
191.685	37.5527	2.2945	0.00978876	-0.152302	191.682	37.1147	191.615	37.3064	2.12037	0.131591	0.481814
193.501	37.2824	2.00469	-0.247722	-0.239104	193.471	37.2789	193.738	37.3853	2.02462	0.0250452	2.3396e-314
193.528	37.2927	2.12447	-0.221982	-0.199427	193.555	37.4234	193.738	37.3853	2.02462	0.0250452	0.177795
195.938	37.3829	2.48136	0.23663	0.31022	195.991	37.3991	195.762	37.3598	1.92349	-0.072386	2.3396e-314
195.826	37.3899	2.03564	0.224677	0.316678	195.507	37.4891	195.762	37.3598	1.92349	-0.072386	2.72928
197.714	37.7367	2.09564	0.256609	0.107769	197.725	37.7285	197.683	37.2395	1.81869	-0.159495	2.3396e-314
197.667	37.7271	1.97142	0.264459	0.114336	197.582	37.303	197.683	37.2395	1.81869	-0.159495	0.46365
199.329	37.3274	1.52355	-0.319034	-0.381373	199.294	37.2862	199.497	37.0353	1.71212	-0.235529	2.3396e-314
199.35	37.3498	1.69701	-0.276148	-0.313659	199.356	37.3527	199.497	37.0353	1.71212	-0.235529	0.335776
201.47	36.9955	2.33784	-0.0382526	0.126728	201.549	36.9973	201.203	36.7587	1.6057	-0.300201	2.3396e-314
201.342	36.9829	1.87656	-0.141574	0.0166702	200.932	37.4694	201.203	36.7587	1.6057	-0.300201	3.2302
202.966	36.4656	1.88054	-0.343832	-0.136986	202.962	36.4568	202.801	36.4212	1.50137	-0.353671	2.3396e-314
202.915	36.4467	1.68609	-0.405715	-0.227896	202.65	37.2445	202.801	36.4212	1.50137	-0.353671	0.598873
204.025	36.1662	1.17649	-0.334206	-0.0369219	203.991	36.1967	204.294	36.0343	1.40095	-0.396497	2.3396e-314
204.03	36.1549	1.44622	-0.293233	0.0305442	203.809	36.2941	204.294	36.0343	1.40095	-0.396497	1.33
